77 78 1
177 178 1
114 281 1
35 36 1
5 6 1
225 226 1
35 175 1
63 64 1
125 126 1
135 136 1
21 22 1
74 75 1
105 114 1
59 197 1
173 174 1
66 67 1
127 128 2
43 44 1
126 290 1
169 170 1
151 152 2
259 260 1
105 106 1
226 277 1
50 51 1
0 1 1
119 120 1
108 109 1
273 274 1
86 87 1
8 9 2
265 266 1
23 24 1
121 122 1
201 202 1
21 213 1
20 132 1
143 144 1
150 223 1
245 246 1
234 235 1
282 283 1
165 166 1
203 204 1
94 95 1
112 113 1
123 285 1
188 220 1
3 4 1
99 100 1
10 56 1
84 85 1
236 237 1
104 114 1
146 147 1
16 161 1
10 62 1
248 249 1
105 150 1
25 26 2
70 71 1
129 187 1
39 40 1
113 206 1
117 227 1
238 239 1
59 60 1
36 227 1
184 185 1
16 56 1
140 141 1
59 279 1
296 297 1
23 256 1
16 17 1
230 231 1
87 194 1
211 212 1
19 114 1
133 268 1
166 217 1
79 80 1
33 101 1
181 182 1
127 272 1
16 103 1
294 295 1
114 254 1
140 159 1
261 262 1
30 31 1
11 12 1
20 298 1
11 13 1
288 289 1
129 130 1
270 271 1
133 134 1
166 205 1
90 91 1
190 191 1
19 20 1
155 156 1
