445 1199 1
217 463 15
20 3880 1
2181 4016 1
54 7868 1
8187 8188 1
77 129 3
10 6268 1
39 8169 1
16 1177 1
1152 5977 1
129 1192 1
1354 2240 1
2147 4499 1
1289 4847 1
966 1264 1
271 515 1
966 1269 1
3672 7873 1
20 2541 1
503 2507 1
271 519 4
644 7686 1
117 2171 1
234 5732 1
2070 4969 1
522 773 1
1278 7853 1
129 1182 1
140 7377 1
891 3116 1
891 3110 1
1853 8335 1
44 407 1
104 2472 1
5447 7583 1
20 753 1
23 3709 1
133 1252 1
821 7877 1
161 1987 1
2419 2420 6
6610 6611 1
78 5879 1
1722 4399 4
4678 4679 1
891 3106 1
30 127 1
891 3108 1
683 1443 1
19 2348 1
891 3102 1
342 6280 1
2674 7317 1
901 5426 1
114 8402 1
133 2559 1
891 3104 1
66 4244 1
990 4917 1
222 6749 1
10 7567 1
226 489 1
449 450 1
294 891 1
561 1418 1
705 1404 1
20 769 2
3140 8138 1
1575 6286 1
163 2087 1
20 2560 1
360 5835 1
7297 7298 1
703 2275 1
2892 5361 1
30 114 1
362 363 1
23 7296 1
19 840 1
1152 2014 1
338 2668 1
337 776 1
20 3884 1
38 271 1
381 2662 1
234 4440 1
1774 1775 1
1166 5019 1
19 2369 1
686 7468 1
38 6183 1
112 346 2
228 914 2
129 465 1
328 5061 1
6995 6996 1
21 113 1
19 3684 1
21 114 1
1334 7417 1
23 7272 1
130 372 1
9 4735 1
526 2072 1
2369 5611 1
86 133 1
4104 6464 1
3839 3865 2
129 476 1
3476 3817 1
1142 8394 1
2211 2473 1
1987 6084 1
21 129 6
126 630 1
7209 7538 1
11 711 1
188 3383 2
409 2407 1
3 1001 1
1597 1598 1
537 5215 1
129 489 2
129 485 1
113 5137 1
21 133 3
271 1608 1
1908 1909 1
25 7790 1
776 3960 1
66 4205 1
852 4521 1
129 492 3
9 4753 1
676 1485 1
7121 7122 1
882 5345 1
235 5181 1
117 3432 1
503 6026 1
476 489 5
2102 2103 1
409 3757 1
114 4905 3
510 1161 1
4438 5223 1
10 7504 1
129 7336 1
21 142 1
3083 6500 2
1540 1541 1
235 5176 1
248 3941 1
576 7749 1
1546 6116 1
5753 7786 1
601 4587 1
926 990 1
1448 5463 1
649 1816 1
103 7906 1
1356 1446 1
114 7190 1
114 7150 1
32 574 2
222 5494 1
1809 7699 1
3 8514 1
16 6009 1
1184 2018 1
129 6021 1
578 3008 1
178 2277 1
133 188 1
879 1075 1
446 649 1
6988 6989 1
217 404 1
21 161 1
6047 6048 1
1718 4211 1
521 3074 1
644 2822 3
117 3401 1
56 235 1
1186 1187 1
1251 2500 1
1069 5031 1
133 176 1
479 2970 1
189 217 1
473 4111 1
1547 8162 1
294 1193 3
112 350 1
217 8124 1
19 891 1
143 2349 1
422 913 1
16 7356 3
54 1728 1
89 1507 2
887 5693 1
117 618 1
475 3288 1
225 1763 1
133 166 1
38 7439 1
578 4396 1
337 1915 1
25 7726 1
922 2293 1
649 1850 1
409 2473 1
522 1485 1
133 161 4
152 2826 1
20 1243 1
161 6835 1
25 7731 1
484 3711 1
419 2256 1
10 1390 1
133 150 1
2368 4941 1
1642 1941 1
10 1395 1
1781 1782 1
1673 3401 1
94 8417 1
547 1587 1
966 3820 7
77 132 5
4140 6536 1
431 989 2
4648 6077 1
16 7388 1
966 3818 1
489 1437 1
2487 2488 1
211 3581 1
117 607 1
329 2173 1
133 134 1
190 191 1
104 8597 1
577 2297 1
2392 4757 1
317 318 1
7795 7796 1
88 578 1
2062 5172 1
211 3510 1
66 1980 1
1777 7741 1
593 1485 1
114 714 1
205 688 1
3958 3959 1
409 1180 1
126 1347 1
109 1562 1
538 3737 1
370 911 1
59 197 2
66 1992 1
167 1671 1
161 6871 1
114 726 1
59 199 2
924 6324 1
16 997 1
1003 1004 1
25 1671 1
1094 3316 1
628 1058 5
117 7057 1
1567 5564 1
1426 1823 1
114 4964 1
55 2314 1
114 2306 1
211 4864 1
80 409 1
114 2309 1
84 2548 1
33 7024 1
686 1381 1
392 5893 1
20 6125 1
207 2222 1
2299 5308 1
392 3232 1
155 1344 1
5781 5782 1
911 7843 1
10 2692 2
10 2693 1
54 1639 1
234 3080 1
23 1190 1
23 607 1
140 1294 10
4521 4834 1
2455 2456 1
2208 5636 1
1125 1126 1
1251 1252 1
431 3040 1
10 1359 1
114 2318 1
129 3703 1
117 8364 1
338 6252 1
3569 8510 1
220 1333 1
103 391 3
21 8068 1
226 7353 1
1992 5992 1
211 750 1
59 161 3
103 381 1
1056 1873 1
226 503 3
3837 4771 1
307 8260 1
840 5459 1
16 3720 1
513 8470 1
16 3722 1
503 1284 1
10 1333 1
1251 1277 1
2977 5811 1
1752 7848 1
5063 8119 1
1468 1635 1
59 150 1
10 1330 1
431 3062 1
461 6337 1
27 6994 1
1853 4731 2
2662 4724 1
211 7099 1
16 979 1
124 225 1
446 560 1
59 188 2
229 371 1
16 989 1
370 6955 1
552 677 1
381 6239 1
607 4325 1
2635 2636 1
3916 5154 1
294 2407 1
117 568 3
23 649 1
114 709 1
29 2243 1
233 1174 2
56 5791 1
59 173 1
140 1255 1
737 2650 4
377 1235 1
129 3741 1
365 8374 1
55 4925 1
226 8658 1
538 1164 1
576 1639 1
129 547 1
114 1079 1
6472 6473 1
59 123 1
1478 1479 1
129 3772 1
24 4362 1
329 4860 1
59 129 2
2167 6689 1
55 7185 1
1069 1444 1
254 1945 1
129 559 1
1657 3060 2
13 1381 1
38 3836 1
59 4286 1
66 67 1
128 1851 1
3731 3732 2
38 2511 1
59 114 4
129 552 1
129 3768 1
3318 3850 1
2211 3863 1
44 392 1
576 2988 2
674 4992 1
6552 6553 1
188 8235 1
114 1053 1
217 3379 1
114 1056 1
66 86 1
66 87 1
464 685 1
59 140 4
66 77 1
16 1108 3
891 3182 1
2628 2629 1
1199 3508 1
2538 2539 1
23 3771 1
19 2297 1
469 5331 1
458 507 1
16 3785 1
913 4401 1
2581 2582 1
129 571 1
59 130 2
3 2404 1
891 3178 1
441 4120 1
673 5089 1
59 133 1
66 6824 1
129 578 1
5449 5450 1
1402 6021 1
20 3921 1
522 685 2
992 7537 1
3 4 1
129 504 1
1347 4947 1
891 3168 1
16 1135 1
94 2336 1
38 226 1
470 776 1
114 753 1
114 758 1
891 3160 1
891 3163 1
365 3510 19
2718 2719 1
129 501 1
4041 7435 1
140 8717 1
197 2550 1
474 7414 1
129 519 1
114 1041 1
3435 3446 1
158 6023 1
238 239 3
329 7092 1
306 7466 1
391 1158 1
538 2447 1
1210 2040 1
891 3156 1
277 1315 1
87 1069 1
891 3155 1
2694 4832 1
891 3150 1
8559 8560 1
226 6097 1
114 768 1
342 3966 12
20 839 1
20 837 2
126 1315 1
677 2159 1
129 1177 1
2857 3794 1
235 409 1
891 3146 1
84 1252 1
133 7487 2
114 776 1
837 3872 1
891 3144 1
30 161 1
891 3141 1
133 7489 1
129 524 1
59 104 3
129 521 2
59 103 9
1474 4355 1
114 773 3
350 463 1
1578 3915 1
2601 5966 1
679 1356 1
438 1274 1
129 538 1
1474 4334 1
563 1878 2
936 4017 1
1575 5037 1
323 497 1
114 1024 1
891 3138 1
217 392 1
114 785 2
38 234 1
38 239 1
277 1333 1
1763 2068 1
70 3064 1
229 2315 1
329 4905 1
32 1684 1
66 6760 1
16 2387 1
601 5968 1
2995 2996 1
226 381 1
20 2669 1
453 4304 1
96 6244 1
2079 2080 1
20 1336 1
38 385 1
25 7885 1
381 1485 1
217 578 1
67 625 1
507 6900 1
113 7850 1
59 1964 2
10 6397 1
4490 4491 1
217 571 1
16 1069 4
6 2106 1
966 3793 1
20 875 1
21 2030 1
837 6216 1
1753 3500 1
54 5101 1
576 6378 1
54 6432 1
20 879 1
2978 2979 1
1349 1350 1
21 205 1
2668 4665 1
570 571 1
521 5520 1
5908 5909 1
77 228 1
235 5244 1
465 2009 1
59 1935 1
5951 5952 1
412 6724 1
265 266 1
435 3825 1
20 882 1
226 367 1
900 2224 1
226 3696 2
769 6118 1
407 3115 1
563 4254 1
4473 4474 1
277 6144 1
113 5215 1
126 703 1
21 213 1
797 4405 1
59 1941 1
507 6926 1
271 431 1
233 4924 1
465 3340 1
335 7719 1
20 2674 3
38 392 2
20 2672 1
20 1346 1
20 2676 1
352 1152 1
235 390 1
1076 1385 1
59 1912 1
235 389 1
1182 7949 1
1115 1153 1
329 7133 1
6253 6254 1
59 4191 1
966 1104 1
66 6718 1
20 3954 1
19 2473 1
1155 5943 1
911 5169 1
1971 2835 1
133 3757 1
197 773 1
875 1968 1
570 574 3
574 3833 1
112 214 1
30 2280 1
507 649 1
3457 3458 1
287 1152 1
476 1698 2
618 773 1
113 6575 1
1155 4643 1
114 2185 1
337 867 1
189 1728 1
2063 8667 1
10 6319 1
1149 1626 1
3569 4924 1
84 1097 1
77 1152 1
117 2230 1
773 1390 1
268 2385 1
59 1904 1
2532 2975 1
114 2194 1
11 602 1
197 753 1
16 8514 1
130 471 1
295 356 1
1521 6084 1
1108 7330 1
23 7101 1
2181 7803 1
3919 3920 1
66 4180 1
1446 2600 1
435 8692 1
117 536 1
1126 5647 1
837 6296 1
2692 4199 1
59 93 1
6386 7055 1
56 140 1
117 539 1
16 921 2
463 5681 1
59 99 1
953 954 1
479 1774 1
1424 1425 1
370 5765 1
130 446 1
256 4676 2
519 3330 1
5388 5389 1
1115 1116 1
672 4397 1
3 538 1
127 128 9
3 534 1
726 3005 1
56 129 1
288 536 1
601 2077 1
60 98 1
4701 4702 1
1904 2163 1
962 5666 1
726 4308 1
2348 2501 3
137 5817 1
207 8287 1
1142 8406 1
151 5747 1
294 915 1
8486 8487 1
203 204 1
117 528 2
337 6897 1
1058 2003 1
103 217 1
6500 6869 1
234 3008 1
16 7230 1
173 4640 1
425 607 1
560 6713 1
461 697 1
84 85 1
19 2404 1
2984 4640 1
1059 4094 1
519 547 1
392 2007 2
301 1152 1
3047 5316 1
25 6511 1
226 1098 1
409 2590 1
446 709 1
2219 5047 1
103 7821 1
726 4383 2
167 893 1
117 503 2
837 7593 1
7528 7565 1
519 538 2
91 1058 1
3508 3509 1
133 277 1
301 2470 1
392 2010 1
519 520 1
538 8411 1
133 271 2
1987 3776 1
133 268 2
133 264 1
2470 3242 1
38 6207 1
20 1395 1
181 225 1
874 2105 1
3014 5732 1
222 1819 1
20 1394 1
489 2646 1
387 1180 1
1425 3292 1
404 5857 1
1359 1390 1
38 7544 1
679 6377 1
947 2165 1
140 3716 1
361 1529 1
1100 1101 1
124 329 2
16 7151 1
16 8488 1
35 36 1
534 538 1
32 758 1
683 7534 1
143 3873 1
229 235 1
161 5673 1
84 1114 1
3 489 1
84 1118 1
2364 6680 1
9 2185 1
6985 6986 1
1482 1483 1
211 832 1
23 1094 1
124 337 1
3065 7143 1
23 65 1
23 66 2
307 714 1
2033 5197 1
3486 7291 1
114 607 5
489 7433 1
3598 7442 1
114 603 1
23 56 1
328 1692 3
693 735 1
3219 5790 1
860 7730 1
3 492 1
16 874 1
188 8193 1
129 607 1
2937 7696 2
913 8044 1
342 1270 1
23 33 1
114 618 1
117 475 1
485 662 1
631 632 11
3507 5064 1
133 342 1
282 821 2
1987 2486 1
301 1053 1
23 24 1
23 25 3
3633 7894 1
87 2407 1
23 27 1
20 6246 1
289 2889 1
438 1193 1
2603 2604 1
3742 4456 1
23 726 1
11 59 2
2019 5231 1
114 626 1
233 1098 1
8480 8481 1
55 831 1
133 337 1
837 1305 9
33 7159 1
291 2476 1
302 409 1
16 837 1
16 839 2
685 6932 1
124 370 3
739 1766 1
103 262 1
24 4284 1
9 112 1
16 845 1
249 4682 1
1390 2211 1
9 113 1
173 2064 1
552 2273 1
1193 6039 1
291 1139 1
461 720 1
720 4732 1
335 1639 1
4059 8550 1
59 60 1
105 8147 1
59 66 6
59 68 1
140 1119 1
492 3200 1
435 2493 1
20 6210 1
23 773 1
211 852 1
2866 2867 1
1856 4661 1
117 438 2
57 2926 3
181 182 2
1485 1569 1
10 1426 1
329 1016 1
329 2349 1
1098 1671 1
342 1241 1
446 697 1
1156 6487 1
628 2211 1
11 12 1
117 446 3
11 13 3
11 16 2
2050 2504 1
446 693 1
3753 3754 1
161 3062 1
891 3098 1
2423 2424 1
140 3795 1
3401 4261 1
114 4817 1
2105 3197 1
195 370 1
59 88 1
20 7528 2
891 3092 1
228 5333 1
1485 2884 2
20 7524 1
1074 1075 1
59 86 1
351 1933 1
628 2201 1
446 4353 1
23 4994 1
129 668 1
576 2844 1
23 798 1
222 1788 1
2689 2690 1
295 392 1
225 7947 1
24 4244 1
307 2004 1
8075 8076 1
114 679 1
380 381 1
114 673 1
6793 7879 1
1816 6484 1
1069 1323 1
113 5151 1
911 5126 1
294 2503 1
20 911 1
489 1299 2
249 3322 1
151 152 8
259 260 4
129 677 1
86 210 1
4123 7995 1
10 2746 1
114 685 2
23 1008 1
129 671 1
20 913 1
129 1255 24
1703 1704 1
8068 8069 1
38 3927 1
662 2105 1
891 3066 1
5074 5075 1
235 329 3
572 5757 1
104 2280 1
4663 4664 3
696 4919 1
129 685 2
143 3808 1
54 1596 1
348 1289 2
603 4957 1
431 5744 1
24 129 1
129 2575 1
641 1578 1
1149 1680 1
1671 1987 1
910 5856 1
6696 6697 1
59 5479 1
568 5823 1
129 697 2
59 4109 1
1720 7831 1
282 801 2
837 1356 1
1842 1893 1
6311 6312 1
23 89 1
368 2168 1
390 1788 1
114 630 1
574 2585 1
129 635 1
709 735 1
114 2251 1
288 3175 1
6909 7269 1
330 4887 1
1347 3724 1
16 1017 1
599 1186 1
113 2923 3
391 785 1
390 1778 1
114 641 1
1074 3672 1
126 808 1
23 70 1
5118 5119 1
431 3117 2
4299 4300 1
629 4571 1
271 463 1
1441 2230 1
21 5971 1
112 4581 1
330 3541 1
773 7410 1
3206 3553 1
271 459 1
578 726 1
612 5233 1
528 1001 1
342 3810 4
1402 7281 1
23 84 2
97 2050 1
23 86 1
114 2230 1
165 371 1
8660 8661 1
7807 7808 1
149 4770 1
1819 2500 1
350 351 1
4683 5688 1
16 2263 1
1199 8103 1
16 2265 1
634 635 1
246 4986 1
128 1586 1
16 87 2
288 6998 1
130 161 4
226 268 1
4612 6610 1
352 1021 1
23 392 2
2596 2597 1
20 505 1
1584 1653 1
271 773 1
226 271 1
2613 2614 1
20 3627 1
20 515 1
129 271 1
20 510 1
20 511 1
155 7791 1
226 277 1
420 1362 1
129 277 1
20 519 1
328 7472 1
207 839 1
1300 4959 1
294 641 1
23 7042 1
16 66 1
20 521 1
1334 7614 1
130 140 1
306 1180 4
19 1252 1
328 7467 1
1969 5343 1
294 635 1
121 122 1
130 149 1
483 6764 1
225 1578 1
20 536 2
129 296 2
129 294 3
19 1243 1
235 271 1
20 538 1
15 2877 1
15 113 5
207 817 1
1728 2998 1
4133 4134 1
469 5569 1
86 367 1
129 228 1
1073 7985 1
6365 6366 1
16 38 1
367 1235 1
2950 2951 1
1534 2539 1
20 547 2
70 3215 1
267 5317 1
16 44 1
235 268 1
412 6821 1
1642 3034 1
2259 2260 1
539 1922 1
129 227 1
112 588 1
129 225 2
198 463 1
4402 4403 1
38 7278 1
988 989 1
301 7396 1
453 2057 1
577 8249 1
197 4905 1
243 1149 1
329 365 1
120 6191 1
271 726 2
16 59 17
10 5136 1
1397 7792 1
16 56 1
8296 8297 1
2778 3149 1
294 685 1
16 19 2
16 17 7
2131 2473 1
5854 5855 1
16 21 12
16 20 1
652 653 1
16 23 1
86 386 1
129 248 1
32 371 1
5845 5846 1
116 6519 1
400 1286 2
210 2682 1
1295 1296 1
16 27 2
1988 3471 1
226 293 1
16 32 1
20 576 3
55 2189 1
16 36 1
216 1119 1
563 3099 1
192 1068 1
837 7606 1
5183 5184 1
1051 7866 1
337 6562 1
41 392 1
365 6028 1
1346 1347 1
304 1098 1
1139 3062 1
1485 2478 1
19 6084 1
25 7929 1
370 3221 1
370 4550 1
1583 4485 1
133 7635 1
504 505 1
59 5805 1
1763 4978 1
3510 4358 1
1334 1485 1
20 597 1
140 1435 1
248 3702 1
510 696 1
113 1356 1
547 1774 1
20 1047 1
812 5041 1
6358 6359 1
1046 7990 1
32 1748 1
4014 4015 1
113 1362 1
431 1811 1
381 2401 1
104 3934 1
1334 1469 2
117 876 1
235 1844 1
38 1071 1
968 969 2
1053 3018 1
222 4391 1
83 578 1
279 7898 1
117 4970 1
32 342 2
342 7781 1
130 1111 1
703 2431 1
880 2392 1
225 852 1
103 574 1
5899 5900 1
25 835 1
27 3227 1
691 4980 1
2033 5324 1
337 5203 1
205 392 1
750 1768 1
4291 4292 1
882 5579 1
113 1378 1
347 348 1
103 578 1
103 577 1
268 1119 1
3977 4072 1
2321 2322 2
126 492 1
1199 4583 1
54 2815 1
703 1174 1
211 597 3
201 3573 1
140 1402 5
412 4242 1
1534 6064 1
335 7453 1
370 4596 1
978 4054 1
5743 6381 1
507 6822 1
205 8090 1
32 329 1
522 2576 1
3950 6255 1
768 853 1
768 855 1
1278 1426 1
20 2338 1
1105 2540 2
485 5558 1
184 185 1
4066 4934 1
1305 7153 1
77 392 1
140 2728 2
568 4232 1
419 2017 1
11 8432 2
537 1494 1
84 7115 2
20 1033 1
77 381 1
103 521 1
20 3698 1
16 7142 1
126 465 2
88 3235 1
936 1544 1
837 7694 1
1966 1967 1
32 307 1
1151 1152 1
103 536 1
25 1898 1
1046 4062 1
4046 4047 1
1094 5718 1
268 3736 1
538 3506 1
5944 5945 1
114 4740 1
6069 6070 1
35 175 1
114 3415 1
161 3137 1
475 835 1
329 2047 1
682 5743 1
1193 6114 1
335 6166 1
109 246 1
143 3508 1
5974 7971 1
234 813 1
32 405 1
264 1521 3
1182 1751 1
768 1724 1
161 3125 1
915 2159 1
291 876 1
866 2404 1
1045 1046 1
682 5763 1
132 662 1
10 1592 5
475 853 1
519 1094 1
84 4962 1
10 1584 1
959 960 1
228 6730 1
409 2295 1
837 1418 1
6149 6150 1
753 1657 1
753 2971 1
109 262 1
2535 2536 1
330 2125 1
837 2752 1
114 989 2
33 7271 1
114 3407 1
1559 7004 1
392 3488 1
20 7204 1
1607 2842 1
197 1069 1
1333 4392 1
510 705 1
109 294 1
697 4737 2
2692 5491 4
207 3779 1
38 1056 1
566 2941 1
2185 2591 1
44 161 1
54 1456 1
205 419 1
11 1069 3
278 3237 1
89 114 4
268 7283 1
2591 2592 1
20 1089 3
4209 4210 1
2848 4353 2
2014 2392 1
463 5307 1
3461 3905 1
262 699 7
117 797 2
114 936 2
4289 4290 1
2760 3087 1
20 8509 1
1578 1579 1
335 3946 1
114 932 1
515 918 1
753 1618 1
302 303 1
214 361 1
370 3201 1
114 8294 1
225 932 1
5743 7651 1
23 407 1
277 431 1
2266 3503 1
23 409 1
4003 4423 1
606 852 1
10 1552 1
739 2968 1
24 4193 1
739 1690 1
54 1488 1
78 6905 1
5 6 28
464 7476 1
16 4844 1
486 2657 1
538 2259 1
987 3079 1
813 3488 1
9 4881 1
113 7454 1
114 2178 1
709 4317 1
552 2180 1
536 891 1
10 2866 2
3558 4417 1
335 441 1
129 4854 1
165 7585 1
3038 4860 1
484 7436 1
129 329 2
277 409 1
876 5060 1
23 459 2
578 5911 1
114 2147 1
1058 8358 1
1713 7542 1
10 2836 1
25 1802 1
129 2211 1
23 446 1
13 3781 1
77 1057 1
16 2211 16
84 2373 1
129 337 2
129 335 1
593 1639 1
7888 7889 1
1356 5209 1
629 4670 1
114 3450 1
114 2122 1
409 7117 1
108 889 1
114 2123 1
726 8290 1
547 4038 1
38 4961 1
1441 4748 1
1440 2834 1
564 634 1
435 2316 1
138 262 2
2009 2921 1
23 463 2
4512 4513 1
2239 2240 1
128 950 1
23 464 1
606 3760 1
234 851 1
4421 7397 1
3206 4798 1
1359 7267 1
816 8128 1
4199 5491 1
6010 6011 1
342 1544 1
20 7266 1
291 5002 1
317 3414 1
1787 1788 1
143 8317 1
129 3592 1
914 915 1
1323 5892 1
494 3242 1
229 2544 1
505 2858 1
228 737 1
750 7944 1
709 874 1
16 3581 1
246 8467 1
114 4773 1
128 1635 1
16 2254 1
1302 1545 1
129 3585 1
133 5070 1
44 103 1
228 726 1
20 618 1
576 1461 1
1913 6198 1
685 4034 1
77 487 1
16 2140 1
19 2684 1
874 1063 4
1233 5202 1
222 929 1
129 1073 1
117 8606 1
19 1359 1
672 801 1
129 381 2
19 1356 1
367 503 1
1307 1308 2
225 1682 1
19 1352 1
5805 7539 1
38 7350 1
38 143 1
129 385 1
634 761 3
2516 2517 1
635 2064 1
197 970 1
3 2265 1
20 3748 1
129 392 1
117 709 1
129 391 1
570 773 1
370 2091 2
431 808 1
77 463 1
431 816 1
2354 5598 1
7260 7261 1
649 1762 1
342 5070 1
3213 3214 1
105 3063 1
104 1233 1
25 5447 1
181 5034 1
20 649 1
294 753 1
6773 6774 1
20 1108 1
1261 2219 1
135 563 1
226 2111 1
688 6315 1
207 936 1
1164 2491 2
96 2916 1
130 234 1
461 1677 1
526 2184 1
226 4763 1
129 342 3
576 7498 1
226 3429 1
23 8243 1
25 1901 1
618 1170 1
1851 2010 1
381 3865 1
832 3474 1
601 4421 1
578 2009 1
20 679 1
367 555 1
247 4021 1
1887 2332 1
38 173 2
19 1381 1
33 1232 1
129 353 1
5962 6909 1
1294 1778 1
246 7089 1
287 2240 1
20 683 1
1675 6251 1
796 797 1
25 901 82
529 4444 1
66 6977 1
4698 4699 1
2703 3636 1
217 329 1
129 365 1
488 675 1
234 799 1
8611 8612 1
188 3492 1
329 463 1
133 2644 1
130 222 1
133 1315 1
1463 2238 1
2971 3401 1
129 370 1
685 1811 1
19 914 7
20 697 1
271 626 1
2012 4803 1
10 19 15
105 5627 1
162 348 1
220 1777 1
409 2300 1
3693 3694 1
117 3793 1
4807 4808 1
117 776 1
31 4031 1
588 4216 1
2528 7224 1
133 7509 1
10 16 3
909 5302 1
143 2265 1
11 8333 1
1779 3313 1
10 20 1
117 2450 1
2786 2787 1
966 1300 1
858 1741 1
113 1473 1
488 5273 1
874 3655 1
966 2629 1
86 5580 1
113 1471 2
10 23 1
412 3069 1
222 4263 1
1031 6595 1
10 31 1
7829 7830 1
140 1315 4
234 4104 1
3490 3491 1
39 6920 1
446 526 1
526 8396 1
243 1234 1
117 1107 1
225 721 1
117 758 1
463 4130 1
16 8310 1
30 4675 1
266 3477 1
526 7074 1
20 1193 1
32 463 2
84 8361 1
1212 5126 1
1180 6112 1
5098 8005 1
330 2087 1
117 1111 1
207 3602 1
140 1338 1
140 2669 1
776 2399 1
294 1073 6
776 1067 1
16 8320 1
7371 7383 1
6687 6688 1
109 1893 6
470 4100 1
773 1532 1
117 735 1
8578 8579 2
20 1131 1
126 7511 1
510 783 1
487 2105 1
162 392 1
2356 5858 1
911 1882 1
409 1022 1
416 3755 1
2071 2072 1
66 3061 1
247 693 1
1163 1788 1
103 431 2
161 4535 1
737 6199 1
161 3206 1
256 5755 1
431 852 1
19 2664 1
66 3076 3
117 3734 1
5235 5236 1
919 5649 1
852 2056 1
2241 2242 1
161 4568 1
189 526 1
1256 1257 1
293 1728 2
2644 2949 1
2986 3831 1
1356 2880 1
23 2088 1
23 2087 1
465 3149 1
66 3086 1
277 279 1
225 2989 1
1905 1906 1
161 3224 1
392 3565 1
20 1142 1
475 783 2
465 4470 2
2651 7779 1
392 2282 1
409 1056 1
234 702 1
114 837 1
54 2619 1
143 2300 1
459 4587 1
114 4621 1
114 831 1
161 4583 1
205 563 1
1605 2356 1
154 8102 1
813 3525 1
252 2884 1
936 5243 1
578 8210 1
597 4547 1
114 4632 1
808 1333 1
59 4326 1
2568 3735 1
1400 3266 1
3654 7336 1
33 6088 1
23 2150 1
4208 8395 1
161 914 4
114 852 1
59 5624 1
6943 6944 1
392 2262 1
161 911 1
1008 7643 1
130 4905 1
3253 3254 1
773 1500 1
739 5081 1
245 246 1
606 3861 1
165 166 1
5314 5315 1
8631 8632 1
6014 6527 1
114 866 1
98 155 1
521 1857 1
189 4123 1
572 5927 1
123 3664 1
114 860 1
161 900 1
568 5663 1
837 2878 1
23 2131 1
560 1787 1
309 997 1
277 342 1
132 3064 1
507 1913 2
3 685 1
173 3145 1
962 3290 1
455 3537 1
9 349 1
99 2524 1
840 6661 1
165 188 1
10 1695 1
114 802 1
59 5612 1
697 3510 1
337 7964 1
2746 4504 1
114 8168 1
68 3322 1
268 363 1
461 510 1
23 536 1
143 3613 1
501 4936 1
103 483 1
568 6947 1
74 696 1
4566 4567 1
113 2779 1
23 2102 1
195 8305 1
138 320 1
1440 1441 15
225 5182 1
2347 5671 1
119 5010 1
54 1319 3
117 686 1
1639 7418 1
205 519 1
117 685 1
9 360 1
3673 3674 1
23 4776 1
77 78 1
309 2940 1
5 7455 1
114 2043 1
234 785 1
678 1922 1
114 3379 1
461 6405 1
16 4719 1
390 1582 1
2668 5803 1
129 422 1
597 3286 1
77 84 1
133 1418 1
381 8715 1
330 5934 1
3240 3248 1
808 6194 1
330 5930 1
3865 6360 1
489 1056 1
693 8668 1
59 3070 1
697 2222 1
3483 3484 1
4709 7021 1
5473 5474 1
54 2672 1
129 2349 1
2847 3620 1
44 271 1
2885 2886 1
2211 3986 1
682 8071 1
537 7674 1
104 1197 1
852 8236 1
2106 5792 1
5879 5880 1
129 3672 1
6411 6412 1
1636 1637 1
129 446 1
390 1567 1
44 277 1
492 5696 1
161 990 1
1299 8316 1
114 2032 1
8308 8309 1
16 3422 1
77 3598 1
507 508 14
10 2962 1
335 548 2
31 1780 1
350 551 1
161 988 1
126 2745 1
2277 2668 1
391 2111 1
197 1103 1
161 982 1
446 3224 1
446 3223 1
698 808 1
271 685 1
149 758 1
38 105 1
226 7079 1
114 2009 1
271 675 1
1433 1434 1
321 333 1
114 877 1
365 2300 3
808 6139 1
547 4151 1
2662 3109 1
4573 4574 1
129 1028 2
401 2087 1
114 2013 1
225 7737 1
2510 2511 1
16 2108 1
629 4794 1
10 2949 1
3517 3966 1
265 2032 2
1182 1673 1
114 882 1
25 1993 1
109 113 1
129 409 4
129 407 2
129 1056 1
1302 2749 1
932 7288 1
114 898 2
773 6327 1
226 8386 1
103 1876 1
571 1422 1
114 891 2
279 1753 1
3304 3305 1
3962 3963 1
709 992 1
129 2379 1
1249 1300 1
262 2410 1
16 2136 1
4277 4278 1
217 271 1
38 114 3
1283 1284 1
38 117 1
90 91 1
129 412 1
166 3680 1
23 154 1
503 1656 1
6449 6450 1
3368 3370 1
1026 1054 1
436 1147 1
4334 4335 1
6540 7157 1
127 1989 1
3427 3686 1
321 414 1
114 392 4
166 1026 1
463 5167 1
365 4480 1
330 2829 1
4518 4519 1
23 143 3
234 2211 1
8456 8457 1
254 1422 1
409 778 1
143 881 1
463 837 3
2145 2626 1
409 773 1
329 568 1
455 6287 1
161 8137 1
328 4168 2
20 1684 1
54 5667 1
2050 3580 1
227 293 1
4721 6711 1
1805 3549 2
217 3776 1
409 744 1
390 5761 1
225 2674 1
361 5658 1
682 1606 1
392 646 1
19 1498 1
1356 1857 1
910 6795 1
226 2004 1
23 173 1
3672 4347 2
447 2508 1
447 2509 1
7977 7978 1
409 759 1
32 188 1
1733 2226 1
6709 6710 1
409 750 1
66 2069 1
2781 2782 1
1548 4450 1
390 4421 1
510 3391 1
3318 3319 1
3444 3445 1
23 161 4
644 5495 1
1587 6174 1
120 1971 5
2128 8117 1
210 2450 1
1346 5513 1
5950 7155 1
2395 2396 1
2087 5621 1
129 2087 1
84 114 1
970 2202 1
66 4663 1
20 306 1
20 304 1
20 1657 1
392 625 1
84 112 2
267 1185 1
133 1682 1
1038 1347 1
1753 5832 1
1980 4703 1
105 317 1
117 1282 1
20 1654 1
740 3428 1
66 992 1
271 3820 1
56 1728 1
685 6367 1
134 2398 1
832 3113 1
409 737 1
634 840 1
13 2155 1
66 2004 1
20 2977 1
66 989 1
463 2926 3
4417 5745 1
3931 3932 1
32 161 1
966 1699 1
2562 8022 1
1461 5567 1
128 686 2
10 911 2
217 3733 1
20 328 4
852 2330 1
852 1002 1
98 409 1
20 321 2
697 4039 1
25 8635 1
161 5933 1
128 1362 1
2983 2984 1
6798 8414 1
16 2095 1
114 390 3
16 2094 1
114 391 1
15 1351 1
446 4065 1
1359 6564 1
188 6881 1
350 989 2
27 1635 1
77 4766 1
911 7493 1
50 1193 1
233 409 1
3 4509 1
114 381 1
161 5923 1
114 387 3
190 593 1
330 446 1
756 757 1
668 6574 1
151 2107 1
552 1427 1
7263 7264 1
32 114 1
837 1718 1
75 113 4
32 113 1
20 342 1
431 510 1
360 361 7
25 603 1
1419 1420 1
143 3230 1
2673 2674 1
20 345 6
31 797 1
360 1069 1
1085 3203 39
136 6395 1
158 3406 1
84 1639 3
839 3100 1
32 129 2
10 981 1
75 129 1
635 1498 1
30 4533 2
75 6857 1
601 1073 1
1668 2252 1
217 852 1
519 852 1
84 142 2
84 140 1
25 2480 1
1359 7860 1
1334 3423 3
117 1252 1
205 2980 1
1069 4165 1
776 7980 1
2807 2808 1
1834 6765 2
1047 4846 1
19 436 1
20 6529 1
330 7662 1
1347 3122 1
31 773 1
503 2926 1
1532 3525 1
848 849 1
112 1721 1
32 103 1
217 875 1
10 2295 1
10 966 1
84 129 2
59 1671 1
1657 1658 1
3570 3571 1
1780 1941 1
2446 2447 1
113 1144 2
284 2283 1
1248 3507 1
911 2622 1
19 2762 1
1336 2672 1
914 2482 1
117 3874 1
2676 6101 1
2676 6100 1
3402 4077 1
323 8146 1
66 914 4
2400 3076 1
161 2002 1
2598 6304 1
105 392 1
66 910 1
39 936 1
25 642 1
966 1618 1
810 811 1
2053 3495 1
113 1152 1
2104 8372 1
20 392 2
5669 6540 1
105 385 1
84 188 1
129 8214 1
126 2197 1
31 766 1
2277 8662 1
146 678 1
852 1074 1
105 2215 1
753 1333 1
470 2026 1
574 8115 1
1180 1817 1
143 3217 1
644 1922 1
679 4071 1
161 4682 1
10 3564 1
205 1683 1
2937 5369 1
36 6038 1
11 328 2
519 876 1
117 3846 1
299 1188 1
84 161 2
6132 6133 1
161 2016 1
1270 8527 1
105 365 1
8651 8652 1
323 937 1
105 4889 2
839 874 1
3159 4416 1
25 2505 1
2541 4575 1
588 1583 1
117 135 1
7934 7958 1
161 3370 1
140 3465 1
161 2044 1
2518 2519 1
976 4625 1
7934 7961 1
747 6495 1
16 521 2
365 691 1
161 813 2
31 7814 1
31 7815 1
342 348 2
16 507 1
117 149 1
50 235 1
173 5406 1
438 7836 1
3711 3712 1
422 423 1
161 3364 1
235 853 1
876 3488 1
25 698 1
126 290 1
7375 7376 1
981 1002 1
27 6550 1
392 6772 1
1767 3984 1
10 77 1
7934 7935 1
685 1580 1
161 2062 1
10 84 1
2108 7227 1
16 547 2
954 6161 1
392 5414 1
371 703 1
57 7219 1
649 5792 1
3588 3589 1
3120 3283 1
117 126 1
117 129 11
469 470 1
68 1289 2
1421 4123 1
1163 3031 1
1639 2059 1
811 3158 1
302 1722 1
137 8307 1
911 1255 1
19 370 2
120 6743 1
10 55 1
10 56 1
10 57 1
5628 5629 1
236 237 1
10 59 2
161 2087 1
10 62 1
2644 2645 1
1583 2541 1
75 154 2
776 5351 1
266 7966 1
839 840 1
431 568 1
19 384 1
119 5396 1
222 2725 1
342 384 1
4529 4530 1
2181 2683 1
367 8412 1
773 4077 1
342 392 1
190 6548 1
1583 2539 1
155 3556 1
557 558 1
489 4087 1
773 1837 1
2656 2935 1
10 33 1
10 38 2
222 2730 1
135 4438 1
442 900 1
2364 3076 1
880 881 1
1498 1499 1
1152 3706 1
10 45 1
541 542 2
409 7789 1
1402 4713 1
4345 4346 1
140 2105 1
7934 7994 1
178 247 1
288 1935 1
737 3503 1
21 4905 1
117 7491 1
226 4728 1
507 8479 1
114 3256 1
114 4587 1
114 4588 1
5851 5852 1
1139 1567 1
114 313 1
686 4831 1
335 677 1
9 1135 1
129 5954 1
442 1615 1
547 6891 1
463 1521 1
20 1732 1
33 2650 1
291 6588 1
492 493 37
247 4628 1
1110 5642 1
222 1436 1
955 1617 1
560 2948 1
740 2086 1
16 4605 1
436 8627 1
66 5952 1
20 1728 1
412 2774 1
9 2474 1
33 2644 1
652 4420 1
547 5573 1
16 597 2
381 2292 1
23 210 1
259 2300 1
23 217 2
1189 5957 1
3724 7764 1
54 6919 1
222 1441 1
149 415 1
114 337 1
329 1334 12
329 1333 1
547 4251 1
463 1546 1
114 330 1
161 879 1
4924 5895 1
384 8216 1
521 3510 1
128 776 1
23 1593 1
664 665 1
16 4634 1
1531 1532 1
2049 2050 1
114 347 1
112 7943 1
1199 1333 1
33 2669 1
463 1535 3
5249 5250 1
129 2009 1
4320 6288 2
1448 1449 1
129 2004 1
503 1698 1
581 1576 2
113 954 1
16 5972 1
688 6273 1
5841 5842 1
16 4645 1
662 2489 1
222 1468 1
119 6632 2
329 537 1
1634 3870 1
129 3331 1
329 538 1
989 4259 1
2394 6587 1
161 852 2
526 6948 1
129 4666 1
329 1316 1
649 4442 1
1926 2056 1
463 874 1
936 4473 1
330 390 1
23 222 1
330 392 1
23 226 3
140 936 1
688 6285 1
117 189 1
117 188 1
86 538 1
279 8014 1
3206 5889 1
461 2377 1
161 840 2
785 5859 1
6442 6443 1
271 7458 1
3459 8497 1
242 3650 1
117 154 2
23 256 1
100 114 2
6236 6237 1
117 7415 1
889 3907 1
20 1719 1
6362 6363 1
335 618 1
2028 3441 1
601 2318 1
115 5174 1
25 6051 1
6485 6486 1
970 7034 1
3986 5155 1
25 7389 1
521 3555 1
99 7916 1
8063 8064 1
23 247 1
117 161 1
814 3825 1
16 4674 1
217 2497 1
129 2010 1
254 2856 1
114 3201 1
117 166 2
377 1637 1
16 574 1
114 301 2
25 7393 1
114 306 1
1108 2964 1
431 7844 1
36 2468 1
9 401 1
965 8052 1
16 577 1
36 1110 1
114 281 1
129 2167 1
1097 1098 1
59 2801 1
3045 3287 1
1474 1856 1
129 2163 1
21 1189 1
337 5194 1
843 1508 2
129 140 3
114 271 3
23 2721 1
138 188 1
3980 4282 1
114 277 1
3980 4283 1
129 143 1
330 591 1
2027 3947 1
329 686 1
1542 1718 1
1210 1941 1
140 8100 1
268 3282 1
597 7378 1
1168 3201 1
3401 8122 1
5682 5683 1
392 537 1
19 1584 1
31 2937 1
114 288 1
105 225 1
431 1776 1
1156 2471 1
129 2189 1
459 1657 1
210 215 1
129 161 8
392 526 2
149 1356 1
337 5178 1
114 293 2
114 294 1
463 1700 2
66 852 1
6060 6061 1
23 293 2
546 766 5
294 515 1
470 3423 1
23 288 1
277 5291 1
201 202 1
66 3281 1
625 932 3
1897 5211 1
39 54 1
129 173 1
1094 1805 1
6450 6584 1
198 512 1
5102 5103 1
129 178 1
304 503 1
392 1980 1
2212 6563 1
27 59 1
1069 1878 3
104 878 2
485 3661 1
519 7293 1
16 3278 2
1881 3076 2
630 3698 1
39 45 3
114 235 1
577 857 1
114 234 1
39 40 1
143 966 1
1583 8521 1
32 287 1
77 4624 1
2004 2297 1
2777 2778 1
13 697 1
859 3742 1
59 6387 1
114 247 1
225 1474 1
36 2404 1
27 33 1
77 3322 1
329 6272 1
2068 7257 1
1333 1334 1
1709 3014 1
485 3645 1
9 2684 1
2229 8180 1
114 256 1
114 254 1
488 8121 1
27 45 1
84 205 2
2410 5550 1
129 130 2
612 613 1
630 1054 1
578 3552 1
20 453 1
3804 5472 1
32 264 1
36 3717 1
287 776 1
114 261 1
807 3045 1
166 1119 1
114 264 1
129 133 1
32 235 1
32 234 1
20 463 3
2004 4818 1
84 271 1
465 5578 1
1051 6650 1
226 785 1
161 3417 1
685 2937 1
753 1267 1
978 3045 1
912 2148 1
1587 3877 2
4161 4162 1
20 473 1
19 342 1
217 2511 1
3334 8477 1
475 568 1
161 3401 1
21 7319 1
5353 5354 1
1069 5372 2
20 476 2
6571 6572 2
113 2573 1
697 1925 1
510 3206 1
698 1334 1
11 1958 1
342 6565 1
2751 6668 1
521 2098 1
4244 6197 1
152 1885 1
126 315 1
118 2091 1
222 7559 1
20 488 1
20 489 34
2234 6021 1
278 2672 1
126 3379 1
524 1628 1
235 7496 1
1946 1947 1
84 2819 1
1722 2942 1
32 225 1
126 307 1
126 305 1
32 222 1
2261 2786 1
1671 7605 1
595 874 1
25 714 1
685 1613 1
117 1356 1
181 5668 1
126 308 2
246 683 1
2053 2054 1
563 2018 1
1395 2137 1
1201 3454 1
10 1053 1
1713 5749 1
565 1052 1
217 946 1
89 503 1
7728 7729 1
129 189 1
129 187 1
11 1900 1
753 2555 1
431 601 1
431 602 1
431 1728 2
4590 5201 1
3253 3431 1
3037 3038 1
2668 8610 1
19 304 1
2922 7861 1
1201 2105 10
129 190 1
278 2661 1
2280 7022 1
392 6850 1
162 163 1
126 358 1
277 5262 1
507 2151 1
8232 8233 1
552 1328 1
143 915 1
2318 3318 1
21 6024 1
119 568 1
10 1024 1
360 458 1
66 813 1
278 1300 1
19 1572 1
20 6604 1
84 291 1
387 7732 1
3412 8419 1
234 2196 1
1201 4797 1
181 6956 1
126 342 1
38 4037 1
859 1193 1
31 6479 1
831 2554 1
2443 2444 1
677 1127 3
44 6441 1
103 4248 1
409 6502 1
335 8699 1
2734 5755 5
5 23 1
10 4993 1
161 2167 1
50 129 1
597 2598 1
489 5264 1
445 890 1
2662 6811 1
20 4040 1
169 840 1
1139 5198 1
1851 8312 1
2644 2716 1
27 6436 1
55 1356 2
243 874 1
8038 8039 1
289 3751 1
105 2407 1
226 831 1
578 8463 1
2634 3275 1
103 4268 1
108 109 1
4796 4922 1
849 1207 1
8 9 10
734 1076 2
10 2315 1
90 360 1
113 3828 1
9 573 1
1356 5311 1
734 1078 1
10 792 1
2794 6186 1
19 284 1
10 4990 1
26 113 1
111 395 1
140 2024 1
84 1562 1
673 4951 1
9 563 2
1922 3028 1
113 3837 1
16 411 1
10 2329 1
766 3527 1
75 279 1
26 161 1
19 257 1
38 7951 1
169 2186 1
301 611 1
446 1692 1
1376 1377 1
695 3082 1
840 2063 1
909 5973 1
38 7962 1
161 2196 1
90 338 1
113 2528 1
142 2755 4
261 798 1
2456 2493 1
845 846 1
849 1244 1
370 4884 1
5444 5445 2
981 2402 1
3256 4411 1
464 2244 1
2208 2209 1
519 2496 1
521 8280 1
324 325 1
392 4247 1
155 688 1
464 4896 1
41 207 1
162 6790 2
1139 2982 1
797 1852 1
2211 5941 1
1851 2184 1
337 2884 1
23 314 1
252 2238 1
133 1642 1
4640 4641 1
70 6648 1
114 3139 1
25 6157 1
226 4600 1
386 438 1
840 4682 1
350 761 1
134 2234 1
546 1593 1
161 773 3
1274 7306 1
267 3865 1
114 207 3
381 1080 1
836 2087 1
161 769 1
277 1639 1
366 6655 2
77 743 1
129 207 1
152 6779 1
113 893 1
988 3585 1
67 133 1
461 2265 1
2028 2029 1
114 217 3
1607 2063 1
25 6137 1
492 5459 1
161 753 2
129 205 3
329 1456 1
173 4261 2
10 7184 1
129 217 1
161 750 1
165 5028 1
1953 2349 1
361 5484 1
114 3120 1
4377 4378 1
114 226 4
114 225 3
114 229 1
129 3421 1
161 742 1
129 211 2
114 222 2
31 1547 1
133 1607 1
20 4093 1
574 3441 1
21 2476 1
416 3062 1
10 8483 1
304 1973 1
149 515 1
77 2062 1
104 917 1
114 5758 1
321 576 1
1485 1987 1
574 2115 1
329 2764 1
463 1684 4
16 445 1
107 735 1
23 345 1
5 7268 1
137 2277 1
16 3203 1
98 7008 1
10 8496 1
79 3207 1
120 753 2
412 2852 1
465 1980 1
104 903 1
914 6063 1
16 437 3
16 435 1
521 4745 1
370 8391 1
2208 7060 1
2407 5711 1
36 2340 2
431 7957 1
461 3550 1
5786 5787 1
392 570 1
1639 3207 1
409 785 1
335 737 1
243 6339 1
57 850 1
225 7526 1
36 1009 1
386 459 1
2496 2497 1
1356 5359 1
574 4786 1
21 3778 1
113 861 1
392 562 1
16 4558 1
161 705 1
6095 6884 1
1054 6702 1
161 709 1
2623 2624 1
1080 3025 2
463 1698 2
23 1425 1
1769 1770 1
1751 6424 1
366 6279 3
117 6301 1
925 3231 1
113 2275 1
2160 2162 1
441 5646 1
161 8385 1
117 7636 1
8381 8382 1
2160 2161 2
962 4872 1
883 884 1
335 957 1
392 431 1
19 606 1
23 2602 1
137 498 2
519 1437 1
431 1404 1
217 697 2
123 2916 12
130 3359 1
91 5739 1
337 7490 1
161 8370 1
1046 1359 1
27 840 2
314 2219 1
7129 7130 1
59 1851 1
129 3123 1
166 2105 1
112 1582 2
345 5016 1
2934 3430 1
431 2746 1
409 989 1
1555 1578 1
392 403 2
66 737 1
66 734 1
773 3016 1
3401 7161 1
392 409 1
1182 3047 1
552 6014 1
57 1356 3
105 577 2
2450 3239 3
1232 2472 1
25 7508 1
57 1370 1
2926 3220 1
2926 3221 21
330 6169 1
773 3001 1
351 503 1
1451 1574 1
4091 4092 1
328 5275 1
7785 8679 1
2662 4168 1
780 781 1
521 3241 1
23 6179 1
356 2462 1
874 889 1
335 915 2
6517 6518 1
143 3030 1
1200 8622 1
4115 4116 1
521 3249 1
2668 4778 1
5501 5502 1
3 5612 1
103 8198 1
123 6470 1
696 1356 2
20 1403 1
329 7244 1
20 1408 1
66 743 1
99 6452 1
105 547 1
294 7551 1
23 6155 1
128 446 1
234 4660 1
190 2761 1
641 642 5
173 2965 1
291 392 1
173 1635 1
565 1315 1
87 194 2
649 753 1
1809 7817 1
66 2257 1
21 2181 1
27 878 1
3326 3327 1
9 1476 1
66 776 3
210 3525 1
105 537 1
66 773 2
113 8405 1
3312 7324 1
330 691 1
84 329 2
21 2168 1
5250 6125 1
593 4268 1
4910 8353 1
161 4835 1
284 3742 1
66 761 1
3636 3643 3
25 6221 1
99 6433 1
118 8318 1
268 3342 1
27 860 1
113 8407 1
409 1334 1
911 1574 1
21 31 1
16 3199 1
31 5001 1
117 412 2
117 415 1
19 696 1
54 1926 1
211 6860 1
20 107 1
54 891 2
84 392 1
1333 1637 1
20 103 1
21 22 1
262 7574 1
161 2207 1
2328 2329 1
308 1205 1
126 1058 1
20 109 1
685 3903 1
568 2087 1
3117 3118 1
409 934 1
422 3164 1
117 426 1
409 1347 1
599 7558 1
20 119 1
20 117 1
20 114 4
133 6786 1
1941 1942 1
2387 4592 3
20 113 1
112 133 1
103 114 1
519 606 1
563 3449 5
2181 2456 1
133 6756 1
753 754 1
20 129 2
190 7584 1
66 8438 1
20 126 1
27 5412 1
304 470 1
140 3648 1
20 7612 1
1700 1718 1
1728 5659 1
20 132 1
19 1639 1
1038 5141 1
117 409 1
1347 4688 1
140 2300 2
161 2211 1
112 113 1
639 4089 1
381 8176 1
682 4056 5
1210 1870 1
20 143 1
20 141 2
2429 7713 1
20 140 3
271 2337 1
412 7757 1
668 4103 1
25 401 1
226 4484 1
117 1441 2
20 146 1
112 1544 1
877 3054 1
1470 1471 1
78 193 1
1279 1280 4
1038 7754 1
552 1202 1
2181 2493 9
374 409 1
20 161 2
1136 3148 1
117 1426 1
329 1096 1
226 3131 1
21 8319 1
189 882 1
226 686 1
366 1448 2
463 7563 1
271 2310 1
149 293 1
217 607 3
112 161 1
470 5769 1
2236 6662 1
1204 5240 1
113 2262 1
84 6265 3
10 1164 1
20 173 1
5140 5141 1
161 3581 1
519 1452 1
1722 5051 1
19 635 1
330 603 1
1054 5058 1
1334 2354 6
282 3275 1
146 417 1
226 696 1
1182 3076 1
852 7402 1
1053 2105 1
874 8018 1
1761 5433 1
228 3240 1
334 4019 1
126 1108 1
503 5446 1
2216 2217 1
10 2470 1
412 1607 1
502 503 2
117 386 1
66 7069 1
6322 6323 1
173 174 1
519 574 4
27 6793 22
27 6792 1
463 1356 5
750 840 1
16 753 2
840 4374 1
503 4148 1
635 1201 1
117 351 1
54 911 1
1309 2434 1
431 7639 1
117 1509 1
222 1601 1
459 4005 1
16 783 1
33 5080 1
243 2977 1
103 161 2
5142 5143 1
211 936 1
3668 3669 1
112 7770 1
54 928 1
503 5468 1
113 7072 1
33 2828 1
1485 1639 1
114 503 3
2461 4250 1
555 4623 1
66 4809 1
503 5419 11
8071 8132 1
4333 8615 1
538 2616 1
641 2336 1
4504 6607 1
117 2815 1
623 624 1
154 1876 1
57 797 1
55 1203 1
521 8131 1
6482 6483 1
16 721 1
837 1877 1
438 4123 1
140 776 1
649 4285 1
229 2937 1
294 1334 7
75 1885 1
1927 1928 1
2342 2343 1
996 3996 1
66 8352 1
686 3315 1
3277 3306 1
113 7094 1
10 3755 1
149 226 2
679 1501 1
2070 6544 1
547 4440 1
226 755 1
510 2316 1
1200 2410 1
4043 4044 1
99 1544 1
415 2708 1
19 599 1
489 2937 1
27 4127 1
140 2356 1
20 6328 1
103 129 3
356 797 1
1667 1697 1
2629 5622 1
1667 1698 2
463 693 1
25 2779 1
54 965 1
632 2680 1
372 5000 1
3076 8525 1
1831 1832 1
36 801 1
519 595 1
117 329 1
103 130 1
328 6602 1
1740 5590 1
60 6507 1
187 308 1
117 5051 1
917 4407 1
697 6958 1
59 4034 1
88 95 1
23 2686 1
23 1356 1
458 1069 1
207 2087 1
431 1487 1
77 877 2
401 4103 2
114 568 1
87 129 1
329 722 1
233 7572 1
114 563 1
31 1448 1
271 7240 1
291 476 1
254 3919 1
4631 6005 1
677 7649 1
678 851 1
9 617 1
2310 3537 1
249 635 1
365 4668 1
1162 1163 1
161 639 1
114 578 1
392 489 2
66 2211 1
1119 1120 1
161 8446 1
114 571 1
66 697 1
23 2668 2
2662 6798 1
142 1116 1
5987 5988 1
140 753 1
271 390 1
150 223 1
563 882 1
27 1959 1
526 4596 1
313 6342 1
261 852 1
66 683 2
123 285 1
1890 1891 1
401 4151 1
187 1252 1
504 8654 1
1767 2430 1
19 6444 1
161 7132 1
114 519 1
20 6391 1
8542 8543 1
205 808 1
1639 3548 1
104 6508 1
161 8460 1
114 6969 1
59 5326 1
345 365 1
3334 3427 1
7289 7290 1
739 2574 1
342 547 1
20 5050 1
6550 7560 1
113 8347 1
498 3401 1
77 831 4
2461 5510 1
3062 5040 1
114 6973 1
143 563 1
649 802 1
143 562 1
1953 2209 1
279 401 1
392 464 1
489 6423 1
6289 6290 1
114 527 1
271 329 1
739 1252 1
291 435 1
4041 5021 1
428 1270 1
117 394 2
197 1485 1
538 2674 1
117 390 1
70 4172 1
86 784 1
1778 2193 1
279 415 1
817 2324 1
507 837 1
36 879 1
114 538 1
335 851 1
114 536 1
5771 5772 1
294 295 8
459 4055 1
1135 7302 1
521 5970 1
563 843 1
342 521 1
392 441 1
187 390 1
161 7146 1
235 7618 1
190 876 1
114 547 1
780 1127 1
2009 7343 1
27 901 1
855 3318 1
23 1300 2
785 2129 1
1024 6861 1
851 852 2
1682 2225 1
166 3561 1
59 1710 1
16 6984 1
66 2157 1
391 990 1
38 5170 1
226 5654 1
20 1572 2
23 3814 1
205 5503 1
546 547 1
1873 3062 1
16 6991 1
519 1317 1
5 8278 1
2004 2493 1
173 1728 1
66 2167 1
114 1922 1
10 6148 1
307 5224 1
129 4579 1
6789 6790 11
776 1485 1
1056 6798 1
1466 1890 1
342 1984 2
4426 7833 1
112 1677 1
381 2127 1
409 2727 1
21 2254 1
6599 6600 1
225 2553 1
246 856 1
129 3277 1
2259 5630 1
1722 7556 1
489 490 1
140 911 1
137 4795 1
161 597 1
5043 5044 1
409 1402 1
16 3019 1
129 3261 1
2471 3273 1
211 1920 1
36 1336 1
4910 4911 1
161 4915 1
910 5576 1
335 2270 1
519 705 2
16 5691 1
173 1779 1
3702 4230 1
225 2575 1
342 1934 1
342 1936 1
86 7707 1
387 1816 1
447 2408 1
10 7442 1
66 624 1
1659 1660 1
776 2776 1
155 7479 1
294 329 3
2617 2618 1
698 2864 1
1873 3051 1
161 562 2
1038 1498 1
161 563 1
143 750 1
2173 2174 1
114 5457 1
20 1559 1
365 3251 1
20 207 5
3062 6535 1
1085 5769 2
20 205 1
597 8439 1
2441 2442 1
461 3839 5
6421 6422 1
66 652 1
252 1056 1
431 1587 1
105 2189 1
161 552 1
306 770 1
498 3586 1
288 329 1
314 3401 1
329 8680 1
103 5821 1
114 4136 1
90 1255 1
20 217 1
2020 3991 1
8057 8058 1
526 3062 1
20 211 1
55 8602 1
119 719 1
463 2822 1
20 1544 1
66 641 2
753 891 1
635 2476 1
279 392 1
370 2483 1
104 1657 1
269 6570 1
404 7800 1
1745 1746 1
27 7929 1
19 578 1
54 773 1
233 2570 1
161 2320 1
135 136 1
20 225 1
307 1712 1
1251 8398 1
463 7619 1
27 7919 1
54 1815 1
173 205 1
1141 1142 1
2004 2404 1
329 7320 1
20 234 3
360 4681 1
374 567 1
187 8540 1
20 243 3
2370 6675 1
20 248 1
20 247 1
4824 4825 1
776 977 1
962 1053 1
98 562 1
226 521 1
431 6389 1
187 519 1
226 526 2
150 2644 1
465 6680 1
635 2486 1
2026 8170 1
1063 1064 1
1578 4268 1
7445 7446 1
105 2143 1
20 254 1
59 1788 1
489 1517 1
19 568 1
8502 8503 1
114 1984 1
4103 7245 1
4103 8576 1
161 1001 1
948 949 1
94 95 1
966 1794 2
226 536 1
1193 1853 1
99 5266 1
465 4030 1
671 3020 2
361 1790 1
55 1171 2
8713 8714 1
2369 4257 1
268 4743 1
39 813 1
1164 6446 1
6940 6941 1
7177 7178 1
2009 2369 1
901 3517 1
419 6744 1
152 1615 1
20 271 2
19 545 1
682 683 3
1360 5104 1
2105 6516 1
1987 3569 1
19 538 3
36 7492 1
686 3395 1
31 641 1
713 1158 1
1200 6175 1
447 2485 1
739 7356 1
637 1418 1
377 378 1
11 435 1
408 8023 1
82 7149 1
228 5963 1
129 8127 1
3636 7276 1
114 1936 1
114 1938 1
226 563 1
166 851 2
193 3626 1
5423 5424 1
874 4520 1
109 2711 1
20 298 1
20 291 1
104 1605 1
10 1278 1
78 294 1
119 799 1
696 749 1
161 1047 1
391 6187 1
1098 3206 1
492 1687 1
1347 2181 1
507 5881 2
301 401 1
20 6474 1
538 1200 1
1213 1214 1
2777 2900 1
117 258 1
2777 2901 1
729 3382 1
59 7820 1
1633 1634 1
228 2037 1
165 7875 1
118 2229 1
27 6682 1
16 643 1
54 1771 1
1163 4456 1
7052 7053 1
86 852 1
21 7047 1
342 465 2
282 5996 1
489 6344 1
117 1654 1
11 3176 6
173 296 1
36 7450 1
1583 3542 1
262 392 1
19 5299 1
193 4889 1
173 259 1
2226 7311 1
222 2811 1
801 1587 3
117 234 1
21 88 1
686 2111 1
16 668 1
682 6735 1
1116 2796 1
471 1583 1
86 6498 1
21 8350 1
2387 4729 1
117 247 1
45 54 1
235 2884 1
1489 5801 2
588 1677 1
254 6210 1
89 8706 1
634 4058 1
65 6336 1
489 7696 1
3330 5362 1
463 588 3
3912 3913 1
801 2892 1
19 492 1
554 6373 1
117 217 1
193 3575 1
117 210 1
54 851 3
3161 5305 1
161 8505 1
173 242 1
1347 3585 1
21 66 3
4517 5231 1
431 5115 1
342 6705 1
70 71 1
4647 4648 1
990 4240 1
99 1673 1
463 597 1
577 6746 1
173 246 2
117 226 1
641 2205 1
21 84 1
117 227 1
705 2290 1
117 222 10
235 1578 1
1780 1848 1
107 1180 1
33 54 2
84 1302 1
226 635 2
1056 1987 1
2159 4850 1
1715 5732 1
1574 2722 1
137 526 1
33 38 1
59 1698 1
431 454 1
288 6496 1
19 476 2
225 8669 1
230 231 1
36 913 1
996 1206 1
1069 5581 1
1031 6068 1
2746 3664 1
1695 2321 1
1069 5582 1
96 113 1
226 603 1
350 6845 1
1046 2816 1
463 578 1
113 2300 2
247 271 2
2347 3496 1
117 205 1
459 851 1
19 488 1
505 5610 1
21 59 4
1028 1029 1
1057 1258 1
271 2264 1
44 6227 1
5874 7328 1
1876 4090 1
140 840 1
299 607 1
507 970 1
392 393 1
537 597 1
930 1237 1
4285 8325 1
472 473 1
149 314 1
59 5244 1
114 439 1
365 4521 1
329 1234 1
20 1610 1
114 431 1
170 459 1
128 630 1
603 3842 1
4030 6503 1
114 5563 1
562 6415 1
329 840 1
2310 2311 1
20 2933 1
66 3412 1
161 521 4
976 4350 1
66 4749 1
1671 6181 1
10 2505 1
447 6005 1
113 8434 1
75 1930 1
197 1567 1
537 576 1
2598 3769 1
222 1567 9
463 526 1
20 1637 1
161 519 2
1108 3962 1
1193 6616 1
93 304 1
3206 4204 1
114 459 1
36 951 1
66 574 1
114 454 1
521 5801 1
387 1780 1
446 4140 1
606 2133 1
82 1097 1
365 3206 1
407 510 1
411 2012 1
3980 4528 1
161 507 1
27 1840 1
87 3585 1
66 2104 1
31 1302 1
105 7031 1
588 2926 1
90 513 1
416 417 5
161 501 7
161 503 1
114 465 2
271 7119 1
679 1686 1
381 3473 1
1356 4239 1
66 593 1
189 1426 1
8071 8096 1
217 1050 1
23 114 4
753 7213 1
342 431 1
2034 2035 1
140 808 2
248 7793 1
59 6530 1
235 547 2
1709 3310 1
2300 4563 1
597 1067 1
140 811 1
5924 6786 1
126 3609 1
140 813 1
453 1002 1
113 7135 1
143 685 1
309 588 1
205 936 1
114 409 1
5801 6867 1
114 5523 1
2674 3450 1
2410 5723 1
33 1639 2
1232 2407 1
23 1200 1
453 1005 1
387 1765 1
23 133 2
563 974 1
114 419 1
117 277 1
1876 4008 1
301 463 1
342 412 3
31 1333 1
114 411 1
114 412 1
415 2669 1
87 234 1
86 2994 1
31 2669 1
1772 1773 1
192 1694 1
23 126 1
117 281 1
23 129 2
20 2918 1
161 8596 1
288 289 1
301 475 1
137 3380 1
2734 6808 1
329 865 1
489 6328 1
161 8598 1
3270 3271 1
57 66 1
165 6552 1
342 1884 1
2211 5547 1
209 5775 1
31 392 1
114 4065 1
586 587 1
588 7209 1
1715 2605 1
114 4066 1
234 262 1
113 591 1
137 262 1
225 226 1
306 4422 1
63 64 1
773 4564 1
129 4222 1
2211 5552 1
726 2664 1
161 492 25
161 498 1
2211 5537 1
201 547 1
16 192 1
104 547 1
2087 2147 1
16 4214 1
84 547 1
1673 1674 3
987 1163 1
1283 4253 1
130 4441 1
2189 7328 1
161 489 1
1058 1453 1
279 2357 1
2211 5525 1
234 248 1
306 5779 1
1168 1169 1
335 4554 1
143 4157 1
117 6528 1
547 697 1
38 98 1
893 1865 1
3919 8071 1
36 679 1
1673 2997 1
487 6680 1
161 3713 1
2412 2413 1
345 588 1
1637 5133 1
114 5381 1
161 470 4
4333 4521 1
1728 2308 1
641 852 1
161 476 2
1334 4328 1
1278 2144 1
595 596 1
743 3798 1
234 235 1
27 3857 2
38 86 1
129 4230 1
1375 2159 1
154 1142 1
2211 5521 1
996 997 1
32 4638 1
161 463 1
1300 1667 1
2211 5505 1
430 1827 1
268 7979 1
1468 3375 1
114 5355 1
837 5680 1
6920 6921 1
66 519 1
59 6014 1
16 161 11
84 597 2
16 162 1
5384 5385 1
210 5961 1
70 217 1
161 2407 1
342 701 1
1756 1757 1
588 8563 1
641 874 1
70 220 1
113 562 1
1075 1270 1
401 1721 1
66 503 1
3585 8104 1
2 4759 1
866 5797 1
1590 1591 1
445 5528 1
1488 5631 1
279 2327 1
113 577 3
465 851 1
113 578 1
1933 6798 1
524 2471 1
3042 3043 1
606 4004 1
16 188 1
1451 1784 1
875 8490 1
1016 2993 1
1056 2269 1
1582 3188 1
431 1223 1
3825 6190 1
113 588 1
1300 1634 1
31 342 1
38 39 1
24 1359 1
267 2032 1
114 4012 1
87 89 1
489 578 1
954 7956 1
114 5346 1
87 88 1
361 3421 1
6332 6333 1
66 522 1
506 1904 1
547 8145 1
821 2166 1
2823 2824 1
597 5058 1
1001 2727 1
6281 6282 1
992 4502 1
901 2330 1
225 8362 1
75 599 1
277 4478 1
6130 6131 1
1278 3421 1
852 936 1
119 268 1
489 501 1
114 1873 1
114 1874 1
27 1277 1
1233 3775 2
161 2449 1
120 3326 1
10 503 3
489 515 1
10 3164 1
10 507 1
1546 3088 1
401 1767 1
21 6355 1
237 7392 1
1767 8474 1
27 688 1
226 4276 1
23 1928 1
502 2280 1
161 2439 1
576 3387 1
59 910 1
23 1922 1
54 638 3
1313 1314 1
151 1273 1
66 6021 1
87 1953 1
773 4501 1
5348 5349 1
107 6703 1
19 1890 1
3662 3663 1
4441 7630 1
350 7735 1
99 235 1
20 3010 1
547 607 1
227 689 1
114 1864 1
38 3023 1
114 1865 1
629 3961 1
1732 8584 1
33 4041 1
992 3200 1
59 932 1
39 1578 1
458 1709 1
36 5197 1
79 7006 1
161 1150 2
103 3594 1
114 1830 1
365 5374 1
161 1158 1
228 3446 1
678 1163 1
2088 6798 1
5090 8556 1
6692 6693 1
10 547 3
152 422 1
114 1843 1
48 464 2
110 3419 1
113 2009 1
1953 5161 1
99 293 1
429 7709 1
1441 1928 1
1677 7038 1
113 2010 1
21 6385 1
161 1170 1
801 2476 1
489 5809 5
246 7801 1
3076 7027 1
117 1665 1
1026 6364 1
375 445 1
356 3977 1
4898 4899 1
489 8077 1
271 3401 1
563 1069 1
205 3858 1
22 4836 1
261 262 1
1843 1968 1
2211 5559 1
2131 4024 1
1804 4230 1
2844 3152 1
161 1163 1
10 5757 1
1347 4002 1
217 5094 1
113 2029 1
1671 3856 1
1163 2164 1
23 4234 1
23 6896 1
10 458 1
492 882 1
1081 1765 1
2341 6195 1
161 1193 1
207 293 1
161 1199 1
279 7110 1
685 989 1
105 1427 1
4159 4160 1
129 1987 2
20 3073 1
10 463 5
19 4052 1
227 3999 1
86 978 1
2065 2066 1
1987 3009 1
2012 5159 1
129 1989 2
118 2356 1
105 2765 1
129 1988 1
10 431 2
463 489 13
140 588 2
751 3060 1
464 4583 1
173 381 1
3871 3872 2
59 2473 1
73 122 1
215 4964 1
574 787 1
68 6509 1
1753 4049 1
446 1390 2
10 446 1
6909 6910 1
227 1356 1
19 1800 1
204 4010 1
797 6142 1
120 4591 1
173 6303 1
5558 7526 1
197 5667 1
3132 3133 1
1315 4021 1
19 1827 1
588 2473 1
446 2656 1
503 593 1
1135 1842 1
155 342 1
1381 2668 1
607 8704 1
140 538 1
2145 2146 1
173 366 1
337 2391 1
133 3076 1
59 2464 5
10 475 1
10 476 3
119 161 2
5309 5310 1
337 1056 1
173 338 1
7286 7287 1
329 911 1
161 7311 1
279 8420 1
329 915 1
38 4303 1
392 7638 1
2313 4694 1
465 5159 1
568 1370 1
10 487 2
697 2768 1
222 7189 1
54 720 1
117 1717 1
227 2644 1
1054 4488 1
38 6971 1
776 3161 1
588 1116 1
3795 6727 1
161 7302 2
329 908 1
166 5039 1
503 568 3
784 2802 1
173 5014 1
568 1316 1
217 6425 1
8552 8553 1
634 2181 6
16 123 1
31 3852 1
8436 8437 1
16 129 4
26 38 1
160 7845 1
16 128 2
113 519 1
207 211 12
498 4948 1
161 416 1
66 431 1
113 526 1
3478 3479 1
88 2522 1
114 5440 1
832 1775 1
837 851 1
113 521 2
235 3435 2
329 966 1
16 112 3
222 415 28
84 4333 1
143 370 3
415 521 2
400 4619 1
16 114 1
57 526 1
741 742 1
137 207 1
387 388 1
954 5220 1
140 507 1
21 1442 2
21 1441 1
161 6021 1
90 641 1
461 3234 3
315 3559 1
229 1892 1
3179 5989 1
16 140 3
1056 3678 1
852 5088 1
25 262 1
3414 8363 1
66 453 1
503 5626 1
521 1334 1
6362 8519 1
19 5325 1
1028 6800 1
90 638 1
39 470 3
459 773 1
127 6345 1
16 133 8
1275 2377 1
685 936 1
453 1300 1
849 8114 1
234 1333 1
1549 5650 1
366 464 1
5063 7654 1
114 6729 1
142 2224 1
737 851 1
5923 7188 1
243 308 1
143 329 3
66 461 1
134 2794 1
3326 3985 1
32 2068 1
38 6907 1
1720 2009 2
1069 4522 1
1069 4521 1
366 488 1
685 962 1
207 6623 1
538 696 1
641 8298 1
16 103 22
463 3765 1
1129 1130 1
492 6211 1
113 503 1
7745 7746 1
635 4064 1
837 879 1
233 808 1
140 4365 1
773 3164 1
773 3166 1
644 5857 1
66 2425 1
1574 2461 1
1501 3318 4
66 487 1
161 381 1
143 538 1
6058 7344 1
161 3807 1
2167 3581 1
8645 8646 1
113 475 2
337 6050 1
129 4340 1
225 4952 1
166 638 1
59 882 1
536 1545 1
112 1453 1
36 773 1
25 2196 1
86 2211 1
2578 2641 1
109 2095 1
113 489 2
1514 6908 1
112 2798 1
113 486 1
1001 1582 1
201 5603 1
409 410 1
143 521 1
113 484 1
27 3721 1
161 6079 1
337 8696 1
1593 1594 1
360 1333 1
882 1036 1
1585 4421 2
59 877 1
161 360 2
574 5600 1
484 1851 1
161 366 1
465 776 1
113 498 1
438 1988 1
70 392 1
143 4275 1
54 597 1
8468 8469 1
369 370 1
361 2022 1
329 1853 1
163 5230 1
161 350 9
113 2185 1
266 2782 1
881 1684 1
27 2407 1
4851 4852 1
227 6123 1
7934 8007 1
70 1368 1
773 4452 1
2392 5062 1
1191 7523 1
129 4357 1
329 1844 1
498 1195 1
337 3812 1
59 837 1
161 342 1
459 6043 1
99 100 6
852 1347 1
19 5514 1
465 753 1
46 104 1
233 776 1
392 987 1
817 7045 1
59 843 1
2357 2358 1
161 335 1
463 3900 1
59 840 1
161 337 1
345 407 1
23 1833 1
16 6790 1
70 342 1
3230 7855 1
7687 7688 1
130 5610 1
24 3874 1
2349 5284 1
129 4370 1
314 2778 1
66 3698 1
254 882 1
3128 3129 1
8032 8033 1
381 8077 1
54 2078 1
753 2148 1
978 2167 1
453 1299 1
3867 3868 1
891 1247 1
282 4073 1
217 1675 1
465 737 1
254 1139 1
161 3874 2
3076 4710 1
88 7555 1
27 750 1
2539 6406 1
113 463 2
1047 3206 2
113 465 1
6844 8707 1
130 4303 1
674 686 1
66 409 4
66 1056 1
4 7554 1
129 3062 1
161 1200 2
66 401 1
59 852 2
2408 2485 1
790 6886 1
852 882 1
1501 4805 1
384 392 1
597 1667 1
641 786 1
277 4356 1
459 1239 1
1423 7379 1
127 2794 1
59 2407 1
173 438 1
446 3944 1
120 268 1
366 1305 1
7934 8095 1
19 70 3
59 801 1
20 4440 2
31 440 1
173 444 1
1639 1977 1
59 3747 1
1578 4481 2
20 66 5
693 5712 1
1853 2994 2
19 86 1
328 8283 1
192 4081 1
54 515 1
119 120 53
630 1404 1
548 4063 1
114 1731 1
19 59 6
1289 5437 1
20 38 2
27 797 1
20 33 1
489 649 1
7983 7984 1
31 412 1
7934 8073 1
8443 8444 1
59 824 1
20 39 1
2167 4842 1
5320 5321 1
86 2295 1
498 676 1
235 7017 1
114 1740 1
19 66 4
173 431 1
465 7787 1
161 1247 1
7934 8087 1
27 1161 1
1485 4502 1
3976 3977 1
113 2105 1
25 2100 1
25 2149 1
563 1164 1
438 4195 1
261 392 1
261 391 2
526 6392 1
519 1587 4
381 536 1
891 3840 1
54 571 1
70 1312 1
114 1713 1
19 33 1
161 1277 1
19 36 1
1753 1754 2
105 1474 1
1163 5906 1
2407 5284 1
1073 3412 1
20 26 1
114 1720 2
20 24 1
20 23 2
1639 1926 1
1080 8299 1
4103 6172 1
6371 6372 1
205 1333 1
574 638 1
2087 3503 1
498 8641 1
50 1474 1
2650 2651 1
3009 3010 2
1247 4298 1
721 2373 1
126 4262 1
3652 3653 1
1964 5910 1
537 2228 1
113 2144 1
161 392 1
2238 2239 4
5801 7051 1
161 396 1
811 2218 3
607 3753 1
1774 2379 1
1763 1764 1
54 569 1
188 1485 1
19 27 4
381 552 1
19 23 1
161 1289 1
753 4718 1
19 20 3
25 2140 1
1027 4606 1
155 156 1
66 392 2
169 7422 1
10 335 2
314 6368 1
27 8625 1
25 7085 1
2848 6206 1
170 618 1
1166 2111 1
10 330 1
1435 1523 1
492 1474 1
2479 8295 1
10 342 1
66 384 1
463 3890 1
1139 6044 1
222 7001 1
227 2541 1
7720 7721 1
188 1583 1
59 1053 1
27 8616 1
25 335 1
114 7908 1
2230 4454 1
347 962 1
66 387 1
2275 4373 1
573 3334 1
1135 4188 1
59 2349 1
21 5097 1
75 1779 1
118 1152 1
641 2032 1
390 7028 1
207 392 1
328 4755 1
436 1722 1
59 2356 1
279 7253 1
342 5637 1
261 326 1
105 1568 1
1069 5785 1
671 6798 1
337 1127 1
649 1073 1
801 2662 1
446 1272 1
10 329 1
561 4353 1
390 8341 1
118 2493 2
117 1876 1
529 1642 1
59 1033 1
588 852 1
409 5692 1
188 2889 1
27 7301 1
10 375 1
517 1333 1
54 5921 1
401 6613 1
66 7137 1
314 6325 1
446 1204 1
1657 8686 1
7254 7255 1
720 1691 1
1053 3514 1
188 2879 1
1564 7431 1
412 7233 1
10 371 1
392 5114 1
10 373 1
10 387 1
966 967 1
166 6461 1
629 652 8
875 1040 1
773 852 1
192 1844 2
685 3897 1
7540 7541 1
25 374 1
785 3717 1
271 3379 1
10 384 2
911 2008 1
3067 3068 1
10 353 2
10 356 1
86 8465 1
629 669 1
840 1189 1
1085 7394 1
166 6492 1
2548 6667 1
277 3009 1
1362 7308 1
5912 7941 1
33 981 1
629 660 1
25 342 1
33 4074 1
629 661 1
705 2018 1
54 608 1
155 3210 1
140 676 1
10 368 3
207 348 1
503 5540 1
270 271 1
1767 7166 1
246 247 1
57 463 4
261 1189 1
225 7113 1
207 345 1
10 361 2
852 7596 1
109 773 1
137 302 1
465 1534 1
1255 1315 1
828 829 1
1347 1999 1
21 1583 2
350 1777 1
265 7991 1
161 6128 1
27 6048 1
1255 2650 1
4144 4145 1
2293 2294 1
109 776 1
2335 3345 1
671 837 1
6663 6664 1
207 328 6
39 578 1
392 5161 1
114 6651 1
773 891 1
143 489 1
314 1526 1
66 306 1
66 2327 1
66 304 1
25 7014 1
266 597 1
30 1851 1
78 547 1
113 415 1
128 404 1
96 390 1
2429 2916 1
461 4448 1
225 2277 1
521 576 1
233 713 2
243 489 1
66 335 4
521 572 1
10 391 1
552 5320 1
574 4343 1
291 345 3
117 4053 1
1094 1406 1
113 8200 1
66 3683 1
66 2344 1
489 4344 1
3244 3245 1
9 16 5
489 4349 1
66 329 3
1937 2511 1
1094 1407 1
521 562 1
9 10 6
25 8322 1
2407 7917 1
801 6177 1
3074 3075 1
342 675 1
140 5562 1
114 6601 1
415 431 1
9 23 1
578 1441 1
981 7711 1
27 812 6
11 1583 1
436 536 1
3723 3724 1
1005 8256 1
234 3863 1
348 6998 1
5051 8536 1
1546 6836 1
113 8228 1
411 7527 1
1336 8424 1
7934 8106 1
25 7050 1
27 8657 1
4063 4532 1
9 38 1
390 503 1
55 1718 1
66 342 2
54 2031 1
54 2033 1
66 371 1
678 6162 1
649 1047 1
322 323 1
137 365 1
812 5806 1
114 7915 1
2330 6948 1
114 7918 1
1069 5740 1
773 3051 1
463 2541 1
436 527 1
84 601 1
1333 3591 1
8331 8332 1
31 1105 1
3253 6171 1
66 2302 1
105 6383 1
1763 7876 1
2254 2409 1
2952 2953 1
59 1071 2
66 365 4
968 2230 1
6184 6185 1
3293 3294 1
673 978 1
271 8074 1
154 1398 1
409 526 1
852 1667 1
229 911 1
222 1265 1
697 7767 1
166 515 1
9 1893 1
133 4510 1
266 1544 1
302 1482 1
105 114 6
173 7395 1
114 155 1
31 161 1
2167 4783 1
24 1139 2
409 537 1
401 6369 1
39 293 1
228 4904 1
1278 3253 1
104 4413 1
578 1477 1
365 5565 1
129 6634 1
105 106 1
392 1642 1
360 507 4
114 166 1
234 2456 1
30 5230 1
4104 7114 1
45 476 1
568 714 1
75 731 1
2840 2841 1
114 6460 1
114 180 1
693 4132 1
84 776 1
392 890 1
3890 3891 1
27 2784 1
4888 4889 1
631 3350 1
161 2620 1
773 2167 1
1309 7658 1
2222 4924 1
23 1732 1
5218 5748 1
54 4587 1
1711 1876 1
1177 6614 1
678 7048 1
409 519 1
1270 6945 1
114 190 1
161 234 1
233 1774 1
4553 7661 1
1390 2904 1
130 5554 1
66 7522 1
392 873 1
2606 5328 1
279 3462 1
161 226 1
59 774 1
114 187 1
773 3480 1
521 1068 1
492 8583 1
161 222 1
693 5400 1
32 4879 1
3016 3017 1
114 117 5
114 119 1
161 3977 7
31 113 1
31 114 3
574 924 14
526 4006 1
7934 8173 1
70 459 1
161 210 2
234 2493 1
33 5507 1
2692 3632 1
117 6732 1
32 4885 1
19 6952 1
217 1347 2
390 5970 1
59 6269 1
4103 6453 1
392 852 1
114 126 1
114 129 4
360 2588 1
618 6734 1
296 297 1
2029 4791 1
2159 6354 1
161 205 1
36 461 1
31 129 1
552 2934 1
10 2087 1
143 6531 1
217 1316 1
4472 6733 1
217 2649 1
88 6343 1
7934 8157 1
161 1334 2
161 1336 1
7934 8150 1
59 7562 1
114 133 1
10 2090 1
2009 2068 1
465 606 1
114 149 3
103 1105 1
161 2653 1
989 1851 1
7934 8165 1
3344 3345 1
853 3649 1
1277 1278 2
505 713 1
133 8063 1
2009 2038 1
137 2402 1
5072 6975 1
169 339 2
603 5217 1
10 733 1
10 735 1
1423 8348 1
437 1152 1
1191 1291 1
8684 8685 1
254 4788 1
2408 4739 1
197 225 1
74 5594 1
129 5394 1
129 5393 1
114 1634 1
246 312 1
5374 5375 1
19 211 1
114 1639 2
776 4229 1
268 5511 1
36 1864 1
560 3599 1
1370 3317 1
227 463 1
3253 3990 1
197 211 1
105 190 1
562 1889 2
651 2188 1
66 6257 1
2410 8369 1
19 217 1
27 446 1
161 1340 1
59 2783 1
143 7858 1
173 574 1
1485 6862 1
1359 6739 1
7934 8192 1
753 5970 1
740 2751 1
23 5260 1
1323 1402 1
70 2745 1
773 3412 1
25 4870 1
114 2949 1
438 607 1
526 609 1
7934 8194 1
128 4672 1
129 1800 1
54 409 1
911 1103 1
2135 2136 1
697 698 1
66 6272 1
1537 1538 1
342 2091 1
1636 3379 1
489 776 1
517 1347 1
3521 3522 1
10 3378 1
124 1851 1
2923 2926 21
129 1805 1
36 1854 1
342 2065 1
103 1172 1
10 773 2
10 776 11
360 7407 1
59 2728 1
2977 7849 1
2300 6065 1
10 3349 1
105 150 2
876 882 1
1922 2168 1
308 3424 1
158 3206 1
129 1821 1
161 294 3
5291 5292 1
459 2653 2
210 323 1
77 1876 1
925 1929 1
197 261 1
105 140 1
140 381 1
1058 6546 1
105 149 1
1521 5492 1
75 3993 1
628 6543 1
105 1127 1
3261 3262 1
2821 3438 2
459 1333 1
105 130 1
271 5825 1
10 5986 1
515 4362 1
176 2381 1
150 1637 1
431 7156 1
24 607 1
1671 3569 1
629 1509 1
114 5187 1
577 1676 1
831 930 1
133 5876 1
578 7629 1
1809 3048 1
10 2009 1
801 2330 1
190 1058 1
943 944 1
370 1435 1
266 853 1
3010 3261 1
851 4415 1
81 3230 1
19 173 1
17 1101 1
226 1850 1
87 539 1
66 261 1
291 3230 1
116 8304 1
140 337 1
638 639 2
685 7097 1
38 808 1
3392 3393 1
492 1108 1
1356 3464 1
140 342 1
6489 6490 1
140 345 1
747 5390 1
66 293 1
129 1777 1
3683 7665 1
1149 1150 1
463 2230 1
563 2514 1
988 4713 1
235 4950 1
111 3010 1
526 686 1
114 1695 1
107 5215 1
463 3567 1
6884 6890 1
3858 4741 1
96 683 1
10 685 1
5 4455 3
526 696 1
5172 5173 1
489 811 1
1734 1735 1
1178 2486 1
401 1469 1
2140 6819 1
66 2621 1
1602 7708 1
256 1226 1
19 166 1
140 361 1
19 161 1
228 1054 1
776 4298 2
465 6295 1
911 2349 1
222 3809 1
32 87 1
459 523 1
143 1778 1
19 129 1
45 1881 1
240 1761 1
19 137 3
1722 7176 1
20 99 1
257 2068 1
4924 8251 1
19 133 3
459 526 1
2070 5684 1
32 94 1
412 8685 1
563 3860 1
2708 3453 1
342 3322 1
8298 8359 1
109 2214 1
893 5234 1
390 471 1
717 718 1
33 631 1
143 173 1
19 143 2
19 140 1
1474 1475 1
2106 2513 1
96 4877 1
1333 7447 1
517 518 1
16 1794 2
19 109 1
188 1873 1
588 2692 1
19 117 3
19 114 1
19 113 1
20 75 1
31 1056 1
6719 6720 1
502 3723 1
597 1364 1
189 1161 1
32 59 3
155 2000 1
105 3836 2
140 315 1
2838 2839 1
32 57 1
1684 2349 1
143 188 1
588 1356 1
173 588 1
20 91 1
698 2291 1
1763 1800 1
227 526 1
161 7546 1
19 127 1
20 88 1
769 5634 4
23 7923 1
7588 7589 1
189 1178 2
194 453 1
4236 4237 1
169 2498 1
6262 6263 1
117 1922 1
873 992 1
59 6218 3
66 1347 2
2312 2313 1
16 361 4
104 837 1
33 607 1
25 7127 1
205 7648 1
2295 5339 1
8356 8357 1
39 211 1
1776 6072 1
84 709 1
1209 1210 1
1639 3117 1
117 1934 1
597 7533 1
20 1969 1
16 355 2
27 6394 1
635 2907 1
70 547 2
498 2516 1
1445 1446 1
1571 1572 1
21 2539 1
415 737 1
113 773 1
1639 4458 1
16 385 1
330 1682 1
16 381 2
4353 5391 1
143 161 2
3468 3469 2
674 5604 1
20 1996 1
66 211 1
166 490 2
6432 7773 1
173 7403 1
143 144 1
685 2265 1
104 807 2
7765 7766 1
59 7538 1
644 2147 2
459 537 1
16 371 1
428 3433 1
6306 6307 1
66 205 1
112 1163 1
328 4461 1
56 59 1
117 5498 1
894 895 1
39 262 3
685 2295 1
461 2127 5
2211 8062 1
315 2004 1
866 4178 1
23 1794 1
4244 5439 1
463 3502 1
66 234 1
773 2062 1
459 593 1
211 5063 1
342 8179 1
130 4126 1
130 4123 1
21 878 1
343 344 1
2036 2037 1
7934 8224 1
685 714 1
66 225 2
75 6260 1
165 3184 1
211 5076 1
66 2651 1
16 342 1
20 1959 2
66 2656 1
19 197 1
19 195 1
19 194 1
521 1127 1
988 3414 1
117 5461 1
7010 7011 1
23 1791 1
68 70 2
109 2277 1
235 1071 1
621 622 1
409 431 1
66 1333 1
7934 8203 1
16 338 1
66 249 1
222 234 2
278 635 1
1248 1249 1
31 271 1
197 1940 1
114 7698 1
146 7623 1
27 3968 1
269 6176 1
8494 8495 1
36 538 1
36 537 1
7469 7470 1
837 2087 1
606 3062 1
470 2360 1
1305 5462 1
337 7139 1
1819 1820 1
233 571 1
5413 5414 1
74 75 1
86 2453 1
99 3018 1
723 743 1
104 668 2
5085 5086 1
392 776 4
36 547 1
2004 2005 1
127 766 1
500 3427 1
1277 1334 1
23 1647 1
431 3712 1
112 3855 1
273 274 1
392 773 2
86 87 6
151 8620 1
27 2661 2
3013 5283 1
161 2746 1
2619 4299 1
112 2539 1
234 4977 1
68 5098 1
4657 4658 1
114 6350 1
988 3295 1
342 8110 1
465 522 1
452 6908 1
282 283 1
218 3486 1
161 1402 1
247 2266 1
5742 7517 1
1374 1375 1
538 6414 1
431 2400 1
70 576 1
471 747 1
117 5539 1
2606 5458 1
146 147 1
465 519 1
282 4298 1
166 439 1
166 436 1
505 802 1
2486 4523 1
112 1251 1
2240 4631 1
527 2407 1
401 521 1
2211 5614 1
27 517 1
19 5743 1
1912 7224 1
843 6140 1
113 685 2
32 2348 1
16 6559 1
114 5006 1
16 271 1
36 588 1
1435 5277 1
2130 2131 1
129 6798 1
161 2759 1
166 2668 1
2211 5601 1
70 597 2
345 5338 1
992 6866 1
1191 1196 1
27 3948 1
84 6550 1
113 697 1
25 91 2
2105 2555 1
2745 4303 1
577 630 1
537 2063 1
32 1030 1
54 392 2
559 836 1
31 217 1
2498 2602 1
5958 5959 1
118 922 2
1485 3062 1
563 564 1
19 4435 1
114 7645 1
588 8665 1
6135 6136 1
526 6576 1
173 6192 1
1441 2999 2
337 8478 1
1108 5398 1
31 227 1
1140 1356 1
469 3623 1
24 7195 1
2782 7778 1
954 1441 1
154 588 1
129 4190 1
246 7987 1
27 577 3
489 1980 1
114 1514 1
161 1474 1
538 1607 1
99 383 1
365 971 1
25 2351 1
1135 1642 1
210 406 1
173 2650 1
173 1322 5
173 2653 1
16 5265 2
1063 3265 1
54 308 1
3977 8343 1
217 2751 1
225 8259 1
786 3219 1
541 685 1
459 1488 1
19 105 1
19 104 1
114 1525 1
576 5680 1
59 2662 1
676 891 1
1210 3970 1
161 1468 2
758 2788 1
50 51 1
499 8012 1
649 8312 1
222 8643 1
227 334 1
391 1768 1
222 8644 1
21 7548 1
36 1728 1
538 2916 1
1894 1895 7
59 2632 1
20 5558 1
20 6889 1
161 194 2
1422 5313 1
161 195 1
473 7507 1
1667 2742 1
597 1458 1
137 1200 1
13 478 1
552 1517 1
10 607 2
161 192 1
5893 6314 1
909 3573 1
340 341 5
171 4988 1
769 4102 1
173 673 1
2720 2721 1
812 2076 1
537 909 1
1545 2033 1
845 2926 5
140 489 2
161 188 2
435 4050 1
776 6728 1
54 336 1
27 1347 1
801 1047 1
54 333 1
161 181 1
1684 2285 1
3055 3056 1
82 463 1
96 536 1
686 5560 1
20 6825 1
498 6235 1
161 173 1
2196 3481 1
246 6622 1
286 3558 1
10 2150 1
3205 3206 3
126 3161 1
105 2563 1
987 1485 1
161 162 2
24 7174 1
3639 3640 1
114 6389 1
422 2144 1
801 1025 2
210 412 1
125 2676 1
391 1717 1
726 7610 1
1600 2422 1
365 4184 1
23 5110 1
595 3762 1
469 3636 1
169 8429 1
114 5063 1
790 4065 1
197 1934 1
10 649 1
222 6017 1
33 697 1
228 1135 1
526 537 1
2975 6217 1
1608 6427 1
10 574 1
2778 3964 1
840 889 1
10 576 1
698 2369 1
10 578 1
10 577 2
807 969 1
989 7856 1
75 2888 1
1649 1650 1
446 1489 1
348 536 3
10 3426 1
2164 4927 1
1922 3299 1
66 140 2
96 3410 1
915 7753 1
188 278 1
226 1728 1
13 16 1
222 7243 1
227 2302 1
671 672 1
1094 1222 1
293 8264 1
130 1851 1
852 7775 1
486 8008 1
31 2259 1
4559 5027 1
13 23 1
1058 4046 1
2541 3588 1
978 8581 1
1322 1425 1
271 3179 1
261 597 1
463 2354 1
801 3761 1
129 1896 1
914 5813 1
2695 2696 1
114 1578 1
1826 1827 1
1579 6647 1
412 6168 1
1230 1231 1
277 3203 1
1709 2407 1
750 2330 3
66 161 4
1336 2062 2
671 697 1
266 6582 1
114 1584 2
1992 4104 1
526 7900 1
521 8484 1
470 8430 1
435 925 1
329 7827 1
1037 2179 1
463 2349 2
66 166 4
371 4788 1
366 1116 1
140 485 1
96 3442 1
66 197 2
188 220 3
597 1468 1
597 2798 1
114 1552 1
227 435 1
21 903 1
114 2889 1
114 1559 1
2476 3505 1
7883 7884 1
20 4244 1
682 7607 1
20 4248 1
887 1136 2
25 2437 1
909 910 1
882 7331 1
831 876 1
1784 6901 1
59 2587 1
1372 4918 1
143 294 1
25 133 1
392 4037 2
968 2059 1
682 7613 1
107 577 1
6503 8328 1
10 597 3
154 649 1
366 1164 1
173 698 1
630 631 2
1615 6306 1
188 207 1
161 6346 1
142 4706 1
7280 7281 1
465 6122 1
776 5457 1
133 4496 1
55 2873 1
1753 5059 1
563 2674 1
372 409 1
5078 5079 1
5826 5827 1
210 3095 1
217 7669 1
2287 2288 1
21 936 1
16 1677 1
381 397 2
38 6852 1
114 2877 1
851 3219 1
33 739 2
3218 3219 1
23 7802 1
10 4704 1
25 161 1
39 345 1
840 2255 1
392 4060 1
330 1587 1
25 8571 1
13 93 1
248 962 1
124 6856 1
7618 8091 1
16 246 4
729 1119 1
293 537 8
1299 1706 1
453 1441 1
19 3007 1
133 992 1
59 7438 1
166 2741 1
1056 3329 1
16 235 1
16 234 2
27 6270 1
747 6544 1
84 817 2
5 3078 1
764 765 1
57 2295 1
152 3029 1
9 5401 1
2334 2537 1
1404 6041 1
649 4756 1
475 1720 1
3239 6430 1
6201 6202 2
151 8586 1
114 7716 1
465 2642 1
133 988 1
2267 2268 1
195 5238 1
129 6704 1
1905 2491 1
39 356 1
25 66 2
391 5210 1
2602 6206 1
465 2656 1
1054 5662 1
3403 5225 1
66 1255 1
166 365 1
837 3326 1
25 7235 1
1342 1402 1
119 3246 1
936 2168 2
220 2147 1
21 988 1
1333 2491 2
246 1712 1
412 2621 1
860 7082 1
59 683 1
333 919 1
25 26 2
66 114 6
25 28 7
25 27 7
234 3636 1
163 508 3
16 204 2
1953 3890 1
166 392 1
2926 7367 1
698 8530 1
891 7637 1
143 205 2
487 488 1
852 1639 2
409 1941 1
6254 6256 1
161 5063 1
750 1069 1
166 384 1
1069 4645 1
459 461 1
459 460 1
66 130 2
1400 1401 1
459 463 3
143 235 3
697 7945 1
66 133 2
247 3683 2
1069 4655 1
630 6450 1
366 372 31
222 1139 6
441 4687 1
39 392 1
2926 7349 1
370 1547 1
59 8700 1
66 129 1
191 547 2
6593 7443 1
66 126 1
629 7841 1
840 3539 1
685 851 1
23 1667 1
536 1395 1
66 124 1
25 197 1
235 992 1
2629 3712 1
113 114 11
5090 5091 1
228 3803 1
104 3312 3
2209 2445 1
105 6676 1
59 521 1
577 1407 3
4473 6797 1
366 837 1
113 129 1
70 3408 1
1081 3139 1
66 6404 1
21 6742 1
169 170 6
729 1627 1
78 1053 1
1210 7371 6
99 2279 1
2282 3278 1
536 607 1
113 130 1
431 8285 1
5148 5149 1
66 7748 1
1599 1600 1
577 2714 2
161 1535 2
59 547 1
753 3143 1
211 390 1
2300 7515 1
113 140 4
16 6407 1
431 8292 1
20 3400 2
563 6320 1
328 329 14
2407 2503 1
936 1356 1
103 1333 1
837 2167 1
489 2353 1
54 293 1
129 7777 1
966 4734 1
521 6526 1
2377 2378 1
4612 4613 1
3033 4363 1
21 597 2
234 693 1
254 5825 1
234 697 2
2147 3598 1
45 6536 2
288 1036 1
597 4184 2
36 227 1
693 4785 1
205 2147 1
57 5542 1
222 852 1
1109 2436 1
328 8564 1
1718 2087 1
234 683 1
470 1578 1
1953 5533 1
910 2399 1
220 4063 1
1054 7081 1
16 5121 1
19 3221 1
2882 4633 1
16 6457 1
30 554 1
220 4050 1
797 2143 1
129 7780 1
166 329 1
207 6117 1
129 7787 1
54 282 4
526 8630 1
161 2898 1
226 1589 1
936 1390 1
1488 4788 1
38 2185 1
96 859 1
526 6066 1
761 762 1
328 369 1
20 2144 1
38 2189 1
726 6621 1
1798 8587 1
271 4313 1
226 5139 1
374 2262 1
33 392 1
2147 4883 1
268 635 1
519 5631 1
33 390 2
27 4776 1
43 44 2
26 2734 1
4173 6320 1
392 3664 1
234 7986 1
5 6814 1
3062 5753 1
134 1940 1
1085 1498 1
1671 3357 1
33 381 1
84 8253 1
1809 8544 1
415 4368 1
6417 6418 1
852 5402 1
4587 6578 1
577 1471 2
2181 5732 1
638 939 1
521 5255 1
104 129 2
197 437 1
392 2315 10
576 5580 1
693 3433 2
10 6646 1
2029 2354 4
31 50 1
5952 8118 1
913 8445 1
2035 3374 1
489 4933 1
2698 2699 1
104 114 3
392 2369 1
113 161 2
382 459 1
2222 2961 1
20 2104 1
409 3326 1
463 2087 1
4207 5308 1
603 3249 1
54 225 1
113 166 1
16 5189 1
926 8183 1
365 7549 1
801 4667 1
103 799 1
129 5188 1
140 141 2
103 790 1
1711 2111 1
140 1639 1
2869 6770 1
114 7590 1
234 4021 1
66 5130 1
188 1118 1
494 3929 1
113 173 1
27 235 3
20 2129 2
33 348 1
329 5698 1
989 2532 1
409 4671 1
16 2917 1
392 2341 1
166 4116 1
140 159 1
3704 3705 1
113 188 1
113 189 1
188 1127 3
113 184 1
588 3253 1
10 7934 8
113 194 1
27 226 1
211 342 4
2958 2959 1
1869 7934 1
10 7931 1
140 161 2
3559 3560 1
173 2387 1
1334 1643 1
597 678 1
59 2012 1
66 2832 1
484 5871 1
188 390 1
2745 8054 1
129 1501 3
381 4079 1
348 1544 1
409 4697 1
173 1047 1
503 2172 1
254 293 1
114 1485 2
114 1489 1
261 1485 2
743 773 1
547 1135 1
33 438 1
463 3322 2
123 2226 1
268 2627 1
129 969 1
291 2178 1
1255 3478 2
268 688 1
8449 8450 1
151 1675 1
453 672 1
140 7842 1
38 3411 1
715 4801 1
559 8097 1
82 484 1
168 4685 1
107 3276 1
23 2029 1
521 1722 1
197 2147 1
9 4280 1
15 3176 1
271 4362 1
68 4322 1
8366 8367 1
4983 4984 1
39 6870 1
31 2117 1
6435 6436 1
129 905 1
1145 1146 1
129 1555 1
291 2114 1
519 3001 1
411 1930 2
683 6750 1
5116 5117 1
501 502 7
501 503 2
606 3939 1
33 407 1
129 1545 1
3622 3858 1
88 3412 1
25 6912 1
444 522 1
3330 8526 1
114 2771 1
387 739 1
114 2774 2
672 7068 1
2879 3401 1
16 2866 1
16 1534 3
32 6030 3
23 3347 1
521 1753 1
463 3334 1
889 5692 1
2087 3900 1
188 6090 1
173 1079 1
23 3322 1
66 5098 2
3872 7966 1
1446 5372 1
498 2708 1
118 1471 3
236 1441 1
114 2745 1
226 6480 1
23 3313 1
989 2493 1
8672 8673 1
1932 3840 1
607 2144 1
163 1983 1
4631 7920 1
126 7932 1
503 3489 1
54 2520 1
2612 4337 1
173 1069 1
54 2523 1
21 1877 1
104 161 1
16 1556 11
207 2674 1
114 1426 2
10 1794 1
1247 2045 1
526 3864 1
1016 2568 1
703 6267 1
84 2167 1
416 6259 1
16 1583 1
16 1587 4
66 1596 1
966 2063 1
1053 1425 1
27 8338 1
27 8337 1
113 1917 1
166 227 1
88 161 1
279 1430 1
84 936 1
217 5558 1
3253 5168 1
536 683 1
697 3660 1
441 7642 1
166 259 1
207 674 1
7851 7852 1
954 4364 1
234 635 1
4645 7086 1
790 7098 1
19 3142 1
45 188 1
1150 6309 1
59 2087 1
5148 6506 1
222 5804 1
966 2088 1
1056 1485 1
109 427 2
3844 3845 1
538 3300 1
2056 5984 1
446 3581 1
234 620 1
59 2056 1
3573 4718 1
3 1547 1
66 1545 1
1132 3325 1
1074 1362 1
1701 1702 1
161 2926 2
8027 8028 1
2127 3189 1
484 4577 1
391 5999 1
465 466 1
510 1639 1
6655 6666 1
197 3414 1
1395 1736 1
4708 5677 1
446 3599 1
6189 6190 1
38 697 1
7043 7044 1
233 2088 1
342 4813 1
268 7449 1
228 507 1
109 446 1
129 993 1
391 404 1
161 1607 1
1189 1556 1
673 4187 2
27 8329 1
171 371 1
1201 2819 1
2525 2526 1
498 2770 1
1784 1953 1
23 8184 1
837 3401 1
59 574 1
2329 2774 1
564 887 1
1584 2639 1
570 5916 1
898 1038 1
936 2764 1
435 1666 1
54 133 1
45 337 2
334 8163 1
337 446 1
942 2265 4
20 4844 1
563 6429 1
32 3879 1
649 2860 1
811 1347 1
773 2259 1
1775 5891 1
243 4563 1
173 843 1
1700 3403 1
505 6209 1
21 683 1
1845 1846 1
578 7934 6
54 114 11
641 1987 1
20 2206 1
211 498 1
13 6657 1
165 851 1
489 3546 1
45 350 1
21 680 1
7906 7925 1
3757 5289 1
33 4552 1
59 409 1
832 1471 1
1876 2037 1
2105 3667 1
54 124 1
54 120 1
39 190 1
6690 6691 1
8225 8226 1
384 773 1
1346 2362 1
234 588 12
247 840 1
99 588 1
13 7973 1
234 586 1
98 1672 1
688 3045 1
161 1673 2
88 8423 1
574 1663 1
365 1292 8
78 4875 1
78 4874 1
401 6284 1
19 4653 1
54 188 1
54 189 2
465 1108 1
173 801 1
408 7361 1
140 6368 1
2129 3402 1
1834 3525 1
489 2222 2
837 2295 1
222 737 1
345 890 1
112 698 1
4381 4382 1
161 1667 1
8174 8175 1
335 6893 1
801 2195 1
369 4499 1
649 2892 1
1494 3083 1
2866 5469 1
2656 3474 1
2608 2609 1
161 1692 2
697 8511 1
668 688 1
25 3062 1
7569 7570 1
166 217 1
68 463 3
1251 1502 1
197 8397 1
769 1713 1
761 4595 1
641 1936 1
82 619 1
753 4311 1
538 987 1
1837 1838 1
735 1252 1
54 166 1
166 209 1
166 207 1
4 8404 1
166 205 6
7385 7386 2
853 1108 7
25 5615 1
16 7678 1
10 6782 1
580 2450 1
1073 5642 1
222 3169 1
381 981 1
392 2448 1
4103 5279 1
27 337 1
1779 2224 1
392 3779 1
435 2911 1
36 372 3
461 1879 1
25 6950 1
36 381 1
1953 1954 1
607 5912 1
173 2417 1
225 515 1
441 2648 1
211 444 1
10 5459 1
3221 4584 1
1779 3569 1
429 8712 1
27 329 1
163 6946 1
2501 2502 1
2359 3569 1
25 6929 1
1113 1114 1
166 4279 1
4675 5788 1
860 1926 1
1334 1596 1
4331 4332 1
234 6520 1
54 8666 1
211 416 1
103 685 1
1210 3708 1
3242 5914 1
59 5903 1
228 360 1
33 490 1
38 2295 1
574 1639 1
96 727 1
211 428 1
840 2926 1
140 248 1
547 3869 1
3643 6108 1
1552 3910 1
1302 5129 1
248 249 1
8275 8276 1
510 547 1
59 8153 1
27 370 1
1346 3606 1
96 773 2
577 2662 2
173 3787 1
1156 4241 2
342 2196 1
54 104 2
256 3783 1
20 3548 1
114 3900 1
311 312 1
114 6180 1
16 6390 1
698 5705 1
140 268 1
5112 5113 1
3461 5924 1
138 1061 1
247 2914 1
173 851 1
225 526 1
173 852 1
1953 4167 1
365 7452 1
205 222 1
19 5928 1
33 465 2
205 225 1
140 271 1
25 5644 1
2541 2926 4
1751 2313 1
254 459 1
527 564 1
387 3363 4
117 962 1
133 2009 1
10 6726 1
3624 3625 1
392 1149 1
453 521 1
266 1016 1
4623 5099 1
4616 4617 1
291 2033 1
271 4274 1
409 2145 1
140 205 1
428 855 1
645 3011 1
3599 4907 1
80 81 1
381 1931 1
641 5526 1
668 4820 1
87 1530 1
125 126 1
76 4545 1
329 4587 1
453 530 1
109 361 3
6737 6738 1
697 3711 1
114 2694 1
429 1361 1
59 3230 1
423 4390 1
1391 6334 1
342 2158 3
173 2493 1
2104 6585 1
228 412 1
5134 8464 1
21 1961 6
114 1331 1
211 1232 1
114 1334 1
114 2669 1
38 4861 1
519 6896 1
1275 3975 2
114 2668 1
161 5215 1
7061 7062 15
3 2939 1
70 837 1
1053 1356 1
526 3776 1
134 1798 1
911 4219 1
140 234 2
140 237 1
70 840 1
173 1149 1
348 787 1
874 3919 5
66 1414 2
207 2591 1
27 381 1
234 6477 1
7039 7040 1
33 536 2
173 2471 1
140 243 1
2489 2490 1
158 2871 1
271 4230 1
4630 4631 1
54 2414 1
129 1671 1
75 2606 1
114 2644 1
161 7899 1
372 4246 1
114 1315 1
498 1512 1
130 5180 1
129 1667 1
36 4154 1
470 5147 1
337 3360 1
629 5490 1
989 2369 1
629 5488 1
59 4524 1
161 6556 1
342 2115 1
419 910 1
75 3911 1
59 5812 1
277 3486 1
538 8017 1
1720 3099 1
211 3858 1
2211 5051 1
27 2063 1
579 1111 1
173 1193 1
1037 1038 1
476 737 1
59 5828 1
879 1684 1
989 1058 1
776 2191 1
1521 2168 1
438 519 1
1485 2403 1
226 6357 1
234 547 3
686 831 1
170 1150 1
39 105 1
1547 4353 1
251 588 1
536 547 1
328 8705 1
16 1453 1
66 1463 1
59 489 1
3523 3524 1
54 3791 1
801 8387 1
4293 4294 1
400 401 1
115 471 1
133 751 1
161 6596 1
337 391 1
293 305 1
39 124 1
234 1630 1
207 799 1
39 129 1
66 1494 1
66 1485 1
104 5796 1
337 381 1
431 2223 1
843 2088 1
39 114 1
20 7173 1
39 117 1
3702 7536 1
1333 4487 1
16 1485 1
161 5284 1
279 986 1
751 1851 1
29 891 1
837 3562 1
3447 3448 1
222 793 1
358 3058 1
367 375 1
1098 7321 1
453 1669 1
390 3977 1
8045 8046 1
293 342 1
39 140 7
98 1711 1
216 697 1
59 446 1
526 1136 1
2167 5672 1
291 2068 1
291 2063 1
686 866 1
237 329 1
1834 8379 1
127 607 1
370 677 1
246 1940 1
10 1851 1
370 683 4
436 5675 1
3383 3384 1
1334 5087 1
265 5780 1
3375 5886 1
1875 2775 1
39 161 1
39 166 1
59 465 1
1936 3260 1
79 81 1
59 463 1
79 80 7
365 1232 1
594 597 1
10 1825 4
88 271 1
234 1663 2
21 776 1
39 158 1
54 2489 1
858 859 1
271 4285 1
3643 3863 1
109 3008 1
898 1040 1
114 1389 1
526 1163 7
3121 5991 1
337 338 1
38 4830 1
70 889 1
54 1163 1
225 461 1
177 178 1
594 8035 1
66 6636 1
840 2655 1
8246 8247 1
205 3686 1
1721 2591 1
3419 6767 1
32 1333 2
301 1621 1
384 1448 1
33 2009 2
36 5839 1
1132 2145 1
0 1 1
54 1067 1
337 549 1
77 1468 1
465 1033 1
207 6389 1
366 607 1
205 2335 1
1395 5513 1
1163 1400 1
117 3242 1
840 3974 1
66 6671 1
1463 1464 1
19 3423 1
261 7360 1
5880 7896 1
1547 5736 1
697 1193 1
515 568 1
113 392 2
68 315 1
226 1383 1
1002 4123 1
226 1387 1
4104 6248 1
992 6550 1
2546 2547 1
1402 7545 1
337 526 1
234 464 2
773 1251 1
390 2470 1
161 1794 1
726 6829 1
222 607 1
739 3026 1
1546 1547 16
329 1953 2
342 7369 1
173 926 1
487 768 3
671 912 1
33 4659 1
117 4553 1
1131 2760 1
837 1094 2
891 1139 1
381 801 1
627 628 1
268 837 1
222 616 1
259 6859 1
21 350 2
38 8130 1
469 7722 1
1142 3724 1
289 1925 1
1005 3980 3
683 758 1
84 3158 1
5703 5704 1
562 641 2
70 1056 1
226 1356 1
832 1156 2
7197 7198 1
113 342 1
2392 3198 1
27 4906 1
891 1118 1
2147 2486 1
222 2189 1
537 1085 1
205 2361 1
105 7751 1
66 6629 1
33 3318 1
4065 5557 1
6321 8676 1
13 143 1
381 857 1
59 4943 6
7473 7474 1
1360 3476 4
361 4985 1
254 555 1
33 166 4
773 2541 1
392 3899 2
7912 7913 1
840 3902 13
86 4599 1
13 137 1
4996 4997 1
366 8042 1
1692 4350 1
56 492 1
27 2350 2
3183 3184 1
5376 5377 1
188 641 1
114 6062 1
188 644 3
519 4516 1
538 812 1
891 2415 27
1607 1892 1
56 489 3
127 235 3
26 1639 1
33 143 2
3268 3269 1
10 5546 1
88 1098 1
25 5720 1
2211 5371 1
371 1302 2
2106 2961 3
361 399 3
2019 3209 1
361 398 1
498 5203 1
891 2404 1
337 3020 1
104 366 1
104 367 1
33 137 1
46 7020 1
197 3191 1
56 470 1
786 2262 2
989 1490 1
4207 4208 1
533 534 1
8600 8601 1
851 4975 1
3793 4743 1
66 4025 1
454 1358 1
851 2310 5
161 7934 1
133 1044 1
25 4451 1
3207 3208 1
20 4525 1
33 129 1
225 431 1
309 1085 1
891 3718 1
225 435 1
372 2042 1
33 117 1
218 852 1
392 1283 1
25 5799 1
32 776 1
235 8031 1
16 6287 1
6762 6763 1
154 243 1
2498 8422 1
583 584 1
33 101 1
473 840 1
127 272 1
547 1347 1
20 4548 1
4 8113 2
446 851 1
1071 3121 1
173 4731 1
2303 2304 1
23 801 1
547 889 1
246 3228 3
465 1088 1
547 882 1
133 374 2
4394 4395 1
25 4446 1
4268 4269 1
858 2745 1
20 3203 1
10 211 1
2768 8648 1
10 210 1
10 216 1
23 831 1
2692 3268 1
114 1232 1
143 1334 1
23 839 2
133 489 1
87 2980 1
1442 7310 1
25 8050 1
1299 1422 1
277 3787 1
3 128 1
607 1037 1
968 2366 1
5161 5829 1
384 7547 1
10 226 3
88 328 1
222 8215 1
773 6057 1
1440 2408 1
4472 8112 1
522 4838 1
10 6820 1
634 7220 1
3937 3938 1
234 5048 1
21 1607 1
21 1606 1
105 1684 1
2373 8201 1
695 696 3
16 3924 1
133 465 1
773 6089 1
59 2234 1
2905 2906 1
1463 5026 1
1521 2014 1
813 1249 1
4587 6854 1
113 1769 1
852 3062 1
9 3173 1
1070 1179 1
173 4774 1
129 739 1
446 1150 1
114 1222 1
1753 7322 1
526 1485 1
66 1774 1
4920 8141 1
27 8513 1
429 536 1
129 3943 1
25 5817 1
129 2644 1
409 3157 1
2722 6815 1
21 1667 1
1452 1853 1
23 879 1
891 6035 1
243 8219 1
114 2528 1
133 441 1
13 1505 1
453 454 5
234 5099 1
1578 2404 1
492 3337 1
173 2181 4
2757 2758 1
387 2104 1
463 4425 1
129 1302 3
10 267 1
23 861 1
912 913 1
1409 1410 1
401 2363 1
56 577 1
8273 8274 1
574 593 1
404 3503 1
59 392 1
133 8524 1
429 2772 1
207 489 1
66 1713 1
27 1063 1
1098 2651 1
302 773 1
10 264 1
1098 2650 1
734 860 1
23 891 1
503 1078 1
1360 3416 1
1639 4013 1
2937 6048 1
21 1642 1
1365 3330 1
114 3836 1
235 4515 1
1180 2185 1
2473 6776 1
207 476 3
3435 5481 1
107 226 1
1094 2257 1
188 571 1
188 1404 1
1278 8569 1
1305 1306 1
243 8222 1
547 801 1
6643 8384 1
16 3978 1
966 8426 1
479 480 8
574 575 1
4542 4543 1
2999 3256 1
178 3392 1
10 299 1
1155 1156 1
129 1354 1
19 3377 1
38 419 1
16 3989 4
489 2033 2
521 678 1
59 365 2
10 293 1
10 294 5
129 1347 2
234 418 1
24 222 7
1583 1890 1
38 407 1
16 1344 4
751 2804 1
593 2500 1
197 8060 1
19 2032 1
226 2777 1
7192 7193 1
220 222 5
1407 2662 1
4905 6281 1
16 1356 1
15 576 1
597 6695 1
1053 1639 2
59 381 2
773 7332 1
529 938 1
38 447 1
10 271 1
1248 7615 1
10 1987 2
19 2063 1
1398 1399 1
10 288 1
503 3688 1
1085 7461 1
392 6111 1
2335 2336 1
36 4455 1
1808 1809 1
4103 5610 1
812 6827 1
2658 2659 1
84 4556 1
59 370 1
278 4189 1
685 3118 1
36 66 3
342 2410 1
408 671 1
411 6542 1
226 2745 1
345 4662 1
114 1271 1
387 563 1
641 1886 1
878 4205 1
1070 1180 1
235 4579 1
99 988 1
521 638 1
27 8549 1
2734 3647 1
27 8547 1
27 8546 1
222 685 1
59 329 2
59 328 15
99 970 1
114 1287 1
2468 2469 1
133 7279 1
27 8532 1
118 1622 1
129 753 1
161 1823 1
2751 8269 1
1085 7430 1
16 1390 1
1548 1549 1
20 8111 1
21 409 1
889 1964 1
4498 4499 1
278 5466 1
337 465 1
337 463 1
142 307 1
103 1514 1
103 1513 1
1085 7427 1
587 6204 1
597 5320 2
1085 7424 1
422 6293 1
7459 7460 1
222 4750 1
685 4482 1
65 452 1
3076 5410 1
6000 6001 3
225 4123 1
59 337 1
1182 3994 3
38 475 1
44 588 1
103 1508 2
234 1498 2
574 1464 1
1803 1804 1
16 1293 1
831 1876 1
199 3578 1
124 1562 1
27 4819 1
2220 8500 1
125 2259 1
521 837 2
77 3985 1
154 188 1
392 3935 1
913 3488 1
1932 7747 1
161 1873 1
105 6555 1
679 2108 1
464 743 2
1111 3213 2
966 4897 1
38 8202 1
446 908 2
1324 1325 1
234 1485 1
99 773 1
91 644 1
222 5983 1
114 8555 1
1701 4350 1
104 2112 1
87 5347 1
2033 5865 1
3020 4321 1
384 554 1
8267 8268 1
2407 2408 1
266 293 1
3278 4930 1
369 588 2
36 5713 1
21 446 1
314 328 1
2187 4994 1
412 2128 1
770 6347 1
9 5925 1
2231 2232 1
546 5789 1
537 1180 1
248 422 1
465 2245 1
19 2222 1
538 773 1
438 8383 1
384 522 1
112 881 1
875 7003 1
234 1465 3
427 3858 1
1033 8182 1
1809 2276 1
113 268 1
16 8710 1
225 335 1
5975 5976 1
1118 2111 1
913 2187 1
205 3771 2
2734 7381 1
39 1612 1
576 1714 1
84 3064 1
197 547 1
234 342 16
773 2463 1
117 2015 1
19 2247 1
295 588 2
1694 4789 1
2474 2495 1
538 753 1
21 461 1
33 3425 1
279 1344 1
225 392 1
113 206 2
117 3342 1
151 5127 1
698 8134 1
24 2794 1
6265 8161 1
295 576 2
693 3334 1
129 6316 1
526 917 1
33 4781 1
173 7065 1
7714 7715 1
697 941 1
936 1253 1
1056 1066 1
576 832 1
117 5993 1
54 59 3
431 5934 1
114 1098 1
438 4815 1
228 1521 1
222 503 1
580 581 1
19 2266 1
233 992 1
105 6532 1
57 4561 1
173 8388 1
352 2694 1
1182 1183 1
1811 4226 1
2219 7400 1
54 66 4
113 225 2
113 226 1
703 6318 1
41 2150 1
33 294 2
10 4395 1
117 3326 1
117 4658 1
939 7090 1
112 3421 1
33 299 1
574 1435 1
686 5153 1
336 1193 1
152 2087 1
1359 2033 1
5079 7352 1
459 3659 1
1876 3533 1
3213 4136 1
129 7692 1
20 2029 1
392 2684 1
104 265 2
25 5868 1
21 4050 1
743 2722 1
130 1450 3
970 6979 1
446 3712 1
117 4639 1
126 6631 1
36 140 1
66 5291 1
503 817 1
1346 2104 1
375 1922 1
119 8431 1
808 2119 1
33 265 1
10 4333 1
207 2744 1
60 104 1
133 2277 1
1834 2044 1
188 776 1
1607 1767 1
2356 2369 1
314 391 1
1809 8413 1
547 729 1
104 249 1
132 5295 1
6847 6848 1
301 6601 1
381 750 1
38 2052 1
299 6953 1
507 1485 1
714 8629 1
255 2853 1
30 1111 1
65 5860 1
124 526 1
268 786 1
82 4099 1
225 305 1
768 4508 1
2181 6751 1
23 913 1
459 4942 1
23 914 3
104 237 1
33 243 1
526 989 1
1885 5566 1
510 7865 1
968 6005 1
503 875 1
88 1192 1
2087 2868 1
188 750 1
3419 4027 1
4521 6840 1
1904 3221 1
547 1454 1
571 6674 1
130 2779 1
4123 8588 1
588 2059 1
19 4840 1
133 3569 1
726 4107 1
211 212 7
261 1334 1
20 3334 1
20 5998 1
33 229 1
113 5404 1
27 112 5
30 31 1
205 2409 1
197 597 1
366 8185 1
652 2706 1
476 578 1
143 1384 1
27 104 3
254 4476 1
709 8227 1
4401 7871 1
851 2409 1
2877 5499 1
20 3322 1
249 4032 1
503 840 21
369 563 1
20 3324 1
227 5820 1
342 1056 1
130 714 1
832 6019 1
992 2845 1
521 6274 1
446 2339 1
161 4100 1
1299 1300 1
114 1119 1
3 247 1
3312 5605 1
27 173 1
3888 7640 1
526 1333 1
129 837 2
10 103 1
698 5866 1
10 105 1
10 104 3
10 107 1
124 578 1
188 1347 1
188 1346 1
1265 8675 1
133 599 1
4084 4085 1
492 3404 1
66 2966 1
27 161 2
453 1841 1
66 1639 1
8190 8191 1
342 1069 1
1 1150 2
431 2056 1
2464 4510 1
133 588 1
2280 4224 1
114 2427 1
401 3769 1
114 2429 1
59 2112 1
161 6789 2
66 2977 1
342 2367 1
129 1404 1
766 6806 1
1260 1261 1
66 2991 1
720 3628 1
133 577 1
526 1362 1
329 4312 1
13 1639 1
129 852 1
27 143 1
129 1407 1
59 4780 1
129 2768 1
10 133 4
1166 2300 1
25 5938 1
228 235 1
80 342 1
485 486 1
38 501 1
2330 3617 1
114 2404 1
330 4250 1
441 7348 1
38 503 1
682 1069 1
10 130 1
66 2916 1
25 4610 1
129 2757 1
628 2472 3
576 7948 1
20 2063 1
114 3741 1
161 6793 1
547 703 1
82 4146 1
304 1347 1
59 271 1
1299 1333 4
211 4931 1
181 3743 1
59 279 1
697 2662 1
70 6032 1
1777 2122 1
1098 1441 1
10 143 3
2875 2876 1
129 807 1
129 804 1
10 114 12
10 113 1
437 1695 1
10 117 5
6959 6960 1
161 4164 1
129 808 1
31 4449 1
827 3395 1
59 4730 1
3450 6083 1
342 4989 1
429 447 1
20 2088 1
3788 4273 1
1777 2154 1
370 5503 4
10 129 3
38 2007 1
461 5583 1
26 1671 1
1041 4772 1
93 6428 1
7934 8716 1
59 291 1
527 3282 1
652 1453 1
734 737 1
734 735 1
5205 5206 3
104 2097 1
107 117 1
3367 3368 1
2404 2887 1
5218 5219 1
114 1191 1
5280 5281 1
5 5274 1
38 539 1
5871 5918 5
5627 8093 1
59 243 2
10 173 2
521 1426 1
109 536 1
222 521 27
10 189 1
140 4021 1
1047 5297 1
133 519 1
390 3753 1
350 3721 1
109 4541 1
10 155 1
3712 6408 1
16 3898 1
222 547 2
773 7211 1
76 701 1
3481 6639 1
529 812 1
5817 8220 1
10 152 1
453 1899 1
129 1485 1
217 5448 1
176 975 1
2723 2724 1
4097 4098 1
59 258 1
3230 6310 1
161 1948 1
565 566 1
400 692 1
576 1798 46
16 1251 1
5686 5687 1
467 6004 1
709 3318 1
222 4621 1
66 1671 1
1315 6718 2
6540 6541 1
59 204 1
25 8139 1
161 1953 1
161 1957 1
20 8206 1
7058 7059 1
3643 3644 1
109 562 1
960 1654 1
370 438 1
114 1164 1
1334 1713 1
114 2498 1
59 2185 1
166 1858 1
489 3278 2
568 1642 1
1362 8447 1
216 463 1
390 743 1
435 1339 1
266 371 1
99 2113 1
207 517 1
54 2236 1
2922 3604 1
129 889 1
641 1786 1
16 1275 1
21 526 1
515 635 1
114 2468 1
526 1397 2
2383 2384 1
59 226 2
59 225 1
84 4406 1
237 1026 1
114 1140 1
114 2472 1
114 1144 1
459 8535 1
133 8466 1
114 1149 2
277 3637 1
59 2167 1
1637 7505 1
547 5030 1
307 2211 1
365 2793 1
142 431 1
1809 3605 1
113 1853 1
