213 2795 1
1517 3825 1
280 562 1
556 1971 1
106 164 1
683 1427 1
522 760 1
320 619 1
230 3883 1
30 106 1
30 107 1
626 3235 7
107 3610 1
464 620 1
22 5281 1
1505 4810 1
36 3407 1
14 593 1
310 1447 1
507 562 1
106 176 1
453 5765 1
106 173 1
214 2155 1
133 1256 1
106 177 1
107 3609 1
122 5577 1
21 5896 1
562 3420 1
433 3496 1
18 2936 1
2193 3036 1
1448 1942 1
106 182 1
2983 3881 1
61 1693 1
121 375 1
280 585 1
416 1062 1
30 122 2
433 2152 1
107 4921 1
1813 2893 1
152 5044 2
308 1823 6
309 1222 1
106 192 2
1698 2106 1
2146 2474 1
197 836 1
487 947 1
491 1030 7
308 4090 1
681 948 1
29 253 1
19 836 1
133 1232 6
1008 1413 1
38 274 1
1260 1651 1
21 107 4
18 2991 1
1982 2148 1
151 219 1
416 764 1
494 3508 1
97 614 2
197 3807 2
105 791 1
3263 5312 1
609 2110 1
164 1854 5
19 807 1
83 318 1
14 552 2
258 1159 3
326 3609 1
97 627 1
760 1778 1
21 119 1
272 1012 1
9 4739 1
92 360 1
4071 4617 1
455 619 1
937 1107 1
21 126 2
21 122 2
309 1272 1
416 1020 1
130 342 1
106 1614 2
343 4715 3
29 204 1
2051 2052 1
17 4478 1
263 4532 1
19 1050 1
1448 1995 1
258 1176 1
118 1923 1
151 207 1
398 5589 1
53 481 1
21 136 3
3024 3025 1
469 956 1
797 4321 1
2698 5366 1
9 3425 3
151 211 1
29 212 1
21 144 1
599 683 1
372 3588 1
364 1532 1
57 1539 1
4621 4622 1
283 381 1
274 320 1
74 320 1
422 5107 1
126 682 1
21 151 4
771 2301 1
5157 5158 1
133 191 1
106 107 11
2344 4374 1
288 651 1
107 1014 1
107 1017 1
107 1019 2
54 5274 1
21 164 1
863 1544 2
83 338 1
1044 1504 1
6047 6048 1
364 1562 1
1186 1187 1
231 3212 1
552 622 1
3702 4999 1
145 2881 1
106 122 1
106 123 1
80 501 1
230 6038 1
840 1926 4
1565 1566 1
107 2323 2
90 1747 1
248 1337 1
107 2320 1
30 3643 1
57 1592 1
106 133 4
53 3228 1
151 4310 1
18 5170 1
21 196 1
2034 4915 1
789 954 1
133 151 3
61 5210 1
959 2582 1
3403 3404 1
133 149 1
178 4890 1
107 2301 1
464 2763 1
107 3637 1
407 3276 1
418 2840 1
106 151 2
107 3629 1
19 881 1
156 3388 1
106 156 1
566 4062 1
522 2798 6
151 3002 1
5799 5800 1
464 1428 1
133 134 2
507 3109 1
210 1517 1
963 2617 44
317 318 1
17 320 1
100 535 1
133 250 1
189 190 1
404 825 1
485 561 1
10 1370 1
211 4849 1
211 3513 1
218 1778 1
97 3488 1
253 481 1
2548 3693 1
815 6020 1
1951 4137 1
628 2397 1
220 1365 1
2577 2578 1
253 485 4
185 979 1
133 232 1
244 552 1
552 2340 1
9 2092 1
2250 3663 1
4891 4892 1
1187 3203 1
963 1306 1
221 222 1
253 3352 1
580 2991 1
535 1124 2
499 1338 1
17 347 2
133 222 1
948 4349 1
29 4848 1
43 4681 1
133 228 1
219 1279 3
211 709 1
700 1102 1
1144 1407 1
61 5146 1
456 5581 1
485 551 1
74 381 1
13 2601 1
80 416 1
1125 1126 4
328 1592 1
71 2707 1
400 1528 1
133 219 2
107 1085 1
348 3752 1
974 975 1
317 4565 1
1062 3289 1
880 1297 1
107 1078 1
92 5715 1
142 143 8
700 2494 1
219 1297 1
110 1754 1
136 1177 1
126 1388 1
25 1677 1
459 4200 1
434 5439 1
23 651 1
2198 2199 1
934 3937 1
185 948 1
646 1946 1
491 4908 1
2952 4605 1
250 631 1
107 1052 1
23 640 1
639 640 1
111 1022 1
156 588 1
98 4282 1
211 749 1
431 3087 5
107 1043 1
29 2251 1
34 4334 1
267 2882 1
14 511 1
428 1467 1
177 1486 1
938 3230 1
491 682 1
3834 4716 1
570 700 1
366 4367 1
391 1198 1
348 1146 2
219 2500 1
435 2587 1
5279 5280 1
110 1718 1
250 2218 1
2239 2439 1
30 176 1
2229 2450 1
151 275 3
366 3024 1
274 5042 1
18 1687 1
700 1175 1
1684 1685 1
467 468 8
467 469 2
121 416 1
14 533 1
507 639 1
14 535 1
232 2994 1
164 1877 4
2628 2629 1
573 574 1
342 2651 1
491 3616 1
18 1677 2
731 1767 1
10 2601 6
618 3889 1
204 2234 1
9 2015 1
1983 1984 1
371 372 1
2441 5581 2
106 1593 1
17 361 1
491 638 1
229 317 1
1657 5695 1
21 5866 1
357 1654 1
1491 1894 1
3456 5135 1
400 1557 1
36 4658 1
342 2620 1
317 357 1
219 2549 2
320 3886 1
320 643 1
219 3879 1
36 4670 1
485 533 4
253 3384 1
731 1708 1
789 3617 1
44 329 1
282 933 1
78 84 1
260 2000 1
485 507 1
1118 6084 1
434 1912 1
1361 2291 1
65 206 1
65 204 1
1144 1436 1
491 1009 1
5918 5919 1
61 2980 1
253 3393 1
367 1413 1
38 245 3
3263 4094 1
1177 3423 2
1177 3422 2
536 5880 1
491 629 1
344 352 1
61 2991 1
30 151 1
275 2122 1
34 3005 1
14 507 2
5395 5396 2
200 339 2
220 883 1
136 2518 1
145 146 1
2405 4150 1
481 2620 1
599 723 1
305 306 1
151 4482 1
106 1712 1
722 2405 1
106 1713 1
30 220 1
343 836 1
295 308 1
328 881 1
1480 2445 1
3544 4924 1
274 286 1
1777 2837 1
18 1730 1
383 1715 1
1438 5521 1
599 2385 1
4490 4491 1
151 4474 1
133 1139 10
30 219 1
21 3354 1
608 2666 1
30 210 1
1593 5953 1
1530 1865 1
14 485 1
14 487 2
21 204 2
98 5618 1
178 2312 1
3432 3433 1
133 1104 1
30 246 1
314 5856 1
2529 3336 1
21 207 1
19 703 1
367 765 1
491 2250 1
561 765 1
53 316 1
2397 3638 1
522 869 1
53 313 1
29 367 2
21 211 3
28 987 1
2704 3096 1
204 4811 1
533 5830 1
18 1704 1
92 220 1
1526 1527 1
119 984 1
816 4398 1
18 1778 1
367 783 1
97 507 1
21 239 1
53 381 1
89 2792 1
1195 5016 1
136 137 1
201 3869 1
87 6003 1
122 4166 2
151 3186 7
367 798 1
575 831 3
130 491 1
814 1827 1
126 6037 1
21 231 1
507 644 1
416 639 1
302 5510 1
136 164 1
416 2239 1
197 3941 1
106 1730 1
197 765 1
30 207 1
873 2528 1
17 4352 1
29 320 1
81 6007 1
532 2717 1
136 151 2
1492 1493 1
416 2247 1
527 1777 1
130 464 1
197 750 1
601 602 1
507 664 1
53 367 2
105 640 1
89 2768 1
372 4719 1
21 269 1
1751 4522 1
2012 3373 1
117 536 1
18 5266 1
1389 3513 1
53 4472 1
9 156 1
210 1447 1
83 479 1
92 274 1
953 954 1
136 191 2
4541 4542 1
136 176 1
455 535 1
3497 5671 1
151 5725 1
106 5247 1
419 420 1
21 274 2
9 143 1
140 3739 1
268 1022 1
57 1664 1
106 5211 1
112 250 1
11 639 1
253 619 1
106 5219 1
79 1882 1
1854 5650 1
296 2883 1
380 5385 1
107 2229 1
57 1639 1
9 177 1
2267 2942 1
57 1634 1
797 3142 1
133 1180 1
469 2984 1
627 1631 1
703 3402 2
316 1054 1
253 628 1
135 1893 1
2223 2672 1
683 1397 1
1389 4813 1
440 2003 2
233 3675 1
133 296 1
164 5209 1
14 4721 1
21 295 1
9 164 2
518 5001 1
177 491 1
1205 2703 1
151 3115 2
3050 3383 1
454 1478 1
367 700 2
29 384 1
9 196 1
367 703 4
404 3233 1
9 197 2
579 2941 1
1617 2548 2
700 2531 1
212 274 1
19 788 1
9 181 1
661 2498 1
1060 1790 11
57 1682 2
1020 4732 1
18 5286 1
464 1316 1
700 2506 1
283 284 1
487 1000 1
3941 5833 1
1964 2866 1
253 661 2
277 6106 1
381 2710 1
862 5795 1
133 1159 2
122 1995 1
623 3247 1
34 1987 2
107 4833 1
133 253 1
1100 1101 1
222 1708 1
126 2548 1
117 491 1
3631 3971 1
17 204 1
156 481 1
317 433 1
317 435 1
123 1267 3
23 61 2
1577 1742 1
2538 3924 1
417 4538 1
133 361 1
1044 1440 1
1836 3795 1
456 4396 5
133 357 1
65 110 1
4181 4182 1
11 86 1
2438 2783 1
25 1755 1
253 576 1
4823 4824 1
5288 5479 1
186 433 1
1192 4116 1
123 987 1
17 228 5
2018 2019 1
784 3151 5
282 2254 1
23 24 2
23 25 7
23 26 8
390 1720 1
250 710 1
3425 3559 1
2775 3216 1
700 1223 1
5969 5970 1
61 5025 1
499 1228 1
883 2439 1
14 2026 1
639 1891 1
110 1657 1
38 1365 1
126 1244 1
133 339 1
220 2787 2
1879 4288 1
367 5032 1
1854 4344 1
23 753 1
133 322 1
1824 2217 1
133 320 1
31 4225 1
110 2974 1
110 1646 1
9 110 6
9 106 1
9 107 11
786 3939 1
219 1176 1
59 60 1
936 1929 1
9 100 1
1507 3938 1
133 317 1
156 457 2
317 416 1
856 857 1
459 4324 2
38 1393 1
107 2269 1
98 3084 2
250 755 1
364 1519 1
3001 4799 1
110 1620 1
5713 5714 1
9 136 3
113 1689 6
320 3946 1
317 2031 1
9 128 1
871 3436 1
317 427 1
700 2596 1
61 5066 1
700 2594 1
11 14 1
1826 3820 1
60 61 1
599 2405 1
110 1614 1
11 21 1
299 5023 1
9 122 3
9 123 1
110 2941 1
107 2250 1
110 1612 1
4194 4195 1
107 2251 1
367 5076 1
17 285 1
119 2592 1
1270 2750 1
640 4430 1
394 562 1
626 5811 1
1479 2187 1
110 2935 1
793 794 1
4391 5196 1
23 2328 1
156 405 1
1069 3987 1
156 408 1
351 1924 1
24 106 1
126 6081 1
357 2815 1
1712 2012 1
14 404 1
3766 3767 1
110 2928 1
14 406 3
119 938 1
151 152 2
507 722 1
116 2965 1
732 1101 1
1235 2245 1
123 3834 1
4 5 33
204 2129 1
79 708 1
5074 5075 1
2270 2271 1
38 322 1
14 414 1
367 2827 1
9 2124 1
164 1756 2
38 320 1
342 2523 1
29 409 1
97 2094 1
1215 2250 1
2528 2682 1
17 299 1
2946 5333 1
204 2117 1
14 427 2
18 1789 1
9 4792 1
320 1337 1
485 646 2
733 3076 1
17 240 1
30 268 1
425 2866 1
61 936 1
24 151 1
237 792 2
21 4655 1
151 180 1
212 4402 1
9 3474 1
111 823 2
151 183 1
151 182 2
36 3223 1
61 1526 1
140 1192 1
38 334 1
159 2118 1
151 191 1
151 196 2
622 764 1
282 817 1
17 265 1
366 3186 1
2134 2135 1
186 478 1
709 4426 1
38 367 1
71 676 1
317 491 1
30 288 1
1533 1534 1
121 580 1
21 4638 1
3926 3927 1
2090 2091 1
2956 5374 1
151 164 1
23 84 2
310 1373 1
3948 5144 1
1237 1238 1
522 792 1
1956 4576 1
2420 2421 1
151 170 1
79 765 1
206 1529 1
220 766 1
151 176 2
561 2538 1
282 4802 1
53 210 2
97 819 1
3559 5070 1
522 523 1
329 330 1
61 1438 1
1370 2870 1
250 3719 1
258 3525 1
491 1297 1
1023 4489 1
61 2771 1
518 2913 1
126 5022 1
230 1470 1
440 703 1
25 5352 1
534 4259 1
193 197 13
1371 2226 1
1531 2699 1
272 3485 1
367 400 1
112 527 1
122 4033 1
4393 5480 1
21 5649 1
984 4168 1
207 828 1
718 1371 1
53 57 3
97 807 1
618 629 1
591 5932 1
164 928 1
11 4960 1
9 4952 1
126 5042 1
18 1823 1
1256 1323 1
367 410 1
53 61 4
1584 1627 1
386 1923 1
126 410 1
61 1471 1
164 957 1
357 1810 1
1260 1898 1
3276 6119 1
180 947 1
9 2302 1
513 4771 1
239 1081 1
764 3878 1
110 5447 1
210 1365 1
626 4368 1
53 263 4
1467 2046 1
1067 3892 1
61 883 1
13 2393 3
1612 2236 1
21 3037 1
25 806 1
164 948 1
367 434 1
122 5374 1
626 4352 1
28 29 1
19 1261 2
19 1260 1
242 243 5
400 1299 1
4730 4731 1
65 66 1
531 4363 1
287 1043 6
253 700 1
53 97 2
1295 1296 1
18 1876 1
344 514 1
383 1653 2
367 456 2
1307 2704 4
1169 1170 1
76 974 1
2698 4272 1
126 456 1
921 1306 1
83 591 1
106 320 1
520 3439 1
107 4786 1
9 277 2
57 1777 1
9 274 1
9 275 5
211 558 1
130 3757 1
1660 2659 1
1176 1177 1
1231 2664 1
469 736 1
244 719 1
53 5687 1
364 1789 1
4158 4159 1
107 4778 1
107 2118 1
2562 2563 1
98 210 3
9 269 1
384 2378 1
83 588 1
126 435 1
405 492 1
728 1176 1
812 5047 1
431 1810 10
122 1849 1
416 1223 2
122 1845 1
405 499 1
3829 3830 1
19 3834 1
122 1840 1
1412 2562 1
6188 6189 1
392 4725 1
21 3070 1
65 1156 1
671 2235 4
1388 1626 1
57 1751 1
211 3386 1
260 261 1
714 5222 1
494 731 1
2326 2327 1
475 3455 1
53 3053 1
9 280 1
5899 5900 1
17 608 1
207 3723 1
347 4224 5
86 4164 1
875 5590 1
1823 3810 1
156 275 1
106 367 3
1352 5415 1
53 4306 1
122 1861 1
456 1891 2
440 3261 1
552 860 1
18 1812 2
384 2323 1
126 485 1
225 1515 1
773 1649 1
700 1329 1
1880 2073 1
106 386 1
5912 5913 1
122 1882 1
69 1620 1
79 1951 1
469 785 1
638 1192 2
864 2009 1
57 1797 1
416 3854 1
2254 5363 1
476 1969 1
1192 4148 1
1966 1967 1
522 2553 1
44 1617 1
211 585 2
452 609 1
1151 1152 2
349 3363 1
429 2237 2
622 5194 1
17 561 1
524 932 1
167 2757 1
3810 5681 1
282 1022 1
219 639 1
326 475 1
211 4600 1
219 635 1
454 1790 1
2674 2693 1
429 2327 1
248 2330 2
123 651 1
228 784 1
122 1777 1
17 554 1
1646 2691 1
71 749 4
156 361 1
156 367 1
151 1882 1
97 1056 1
1973 1974 2
1329 2855 1
98 298 1
218 1526 1
507 4252 1
491 819 1
17 585 1
485 786 1
4496 5259 1
326 499 3
9 211 3
1243 4214 1
703 3816 1
9 213 1
487 5921 1
247 1733 2
71 1612 1
2822 4946 1
156 2250 1
3933 6090 1
219 627 2
101 102 1
9 202 1
1964 1965 1
456 4083 1
207 1114 1
44 176 1
89 106 1
1388 1520 1
652 3762 1
2780 2781 1
1471 4358 1
375 4425 1
214 348 1
211 522 1
1520 1674 1
325 4006 1
31 4115 1
110 1999 1
2378 3649 1
423 424 12
71 2912 1
118 119 1
320 4901 1
1339 1340 19
628 4767 1
237 3151 1
585 3241 1
880 1030 1
3692 5174 1
2086 4226 1
57 1715 1
2142 5298 1
244 765 1
9 253 1
107 2142 1
197 1085 1
753 1614 1
9 249 1
34 895 1
220 1586 1
1557 3349 1
106 433 2
156 342 1
3416 4722 2
485 4285 1
17 536 1
106 435 1
907 5082 1
17 527 1
3950 3951 1
190 4142 1
1229 5643 1
334 3186 1
614 5809 1
292 293 1
9 246 1
1195 5326 1
214 2441 1
464 6147 1
491 1229 3
2824 2825 1
764 2629 1
3263 4273 1
552 2193 1
14 755 1
159 160 8
518 1538 1
14 757 2
338 418 1
1480 3933 1
328 938 1
277 416 1
177 1251 1
98 1861 1
275 1054 3
102 2282 1
156 4856 1
17 1994 1
338 427 5
17 1993 1
683 5292 1
387 2538 1
999 4292 1
14 762 1
400 1373 1
299 948 1
53 274 1
491 2538 1
17 1953 1
434 628 1
697 4756 1
638 3843 1
499 920 1
1198 6021 1
43 4822 1
54 1476 1
156 309 1
338 1176 1
709 3005 1
98 1885 1
6096 6097 1
239 3672 2
81 2771 1
285 3234 1
151 4098 1
156 4834 1
367 491 2
8 1627 1
213 934 1
53 289 1
14 784 1
1370 1624 1
381 1177 1
14 707 1
485 765 1
435 4975 1
2839 2994 1
34 849 1
61 812 1
975 1438 1
9 2267 2
9 2268 1
400 3978 1
1899 1900 1
61 816 4
151 1845 1
766 1614 1
98 1822 1
14 3008 1
71 787 2
722 3664 1
193 3043 1
322 2854 1
451 5419 1
151 1878 1
126 2888 1
237 4403 1
17 1915 1
193 274 1
106 3996 1
3661 3662 3
1478 2553 1
364 672 1
61 1412 1
250 1159 2
14 3048 1
342 2843 20
79 873 1
1008 1584 1
17 1927 1
381 1187 1
133 2809 1
219 3658 1
151 1868 1
97 1086 1
4422 4423 1
1144 3864 1
34 815 1
2149 2150 1
130 193 1
135 400 1
1708 1953 1
212 3202 1
615 755 1
320 4993 1
765 3242 1
423 487 1
282 4921 1
423 1144 1
423 1143 1
280 682 1
2214 2215 1
210 1287 1
552 946 1
61 3970 2
367 500 1
529 4466 1
38 148 1
536 700 1
1956 3591 1
534 5451 1
130 283 1
2245 5059 1
65 2301 1
29 106 1
29 107 3
1517 1518 1
62 126 1
491 1176 1
6051 6052 1
130 1059 1
433 3136 1
533 3431 1
2245 5049 1
5321 5322 1
1330 4575 1
53 107 11
433 3130 1
615 5049 1
434 676 2
38 133 1
626 5522 1
538 2077 1
309 1593 1
936 1698 1
367 529 1
61 3991 1
61 1338 1
329 433 1
44 317 2
367 521 1
654 1454 1
19 948 1
816 4574 1
2969 2970 1
29 122 1
1300 3752 1
19 1370 2
144 599 1
61 2677 1
2667 2668 1
309 1586 1
1013 3620 1
119 2746 1
488 628 2
856 1424 1
285 975 1
465 5767 1
811 2892 1
320 948 1
4828 4912 1
4716 4717 1
65 4953 1
38 151 1
4842 4843 1
1861 5369 1
38 156 1
30 2044 1
258 3443 1
2548 6082 1
126 535 1
1993 4309 1
79 5588 1
1412 2621 1
230 2634 3
320 936 1
61 778 1
235 1906 1
53 138 1
404 3076 1
25 4175 1
1232 4550 1
164 826 1
1517 1550 1
106 1522 2
130 245 1
1341 1342 1
372 4930 1
19 1388 1
19 1387 1
61 765 1
79 4259 1
1988 4664 1
57 5420 1
38 178 1
14 683 2
381 1232 1
3651 4586 1
4994 4995 1
17 4109 1
640 728 1
894 5540 1
9 3774 1
61 1380 1
53 117 1
53 113 1
640 1947 1
97 727 2
491 1198 1
695 1482 1
338 3674 1
1876 4416 1
2326 2413 1
96 2909 1
144 546 1
2007 2548 1
407 3326 1
531 4477 1
9 2450 1
17 4126 1
53 126 1
367 575 1
38 197 1
122 1708 1
202 639 1
162 348 1
175 289 1
122 1700 2
10 11 5
372 1048 1
104 2502 1
10 14 2
1034 2615 1
272 2098 1
98 107 6
475 797 1
10 21 1
1383 2060 1
431 1926 1
106 210 3
207 3629 1
707 1614 1
106 211 1
126 562 1
97 788 2
429 1092 1
107 4656 1
211 684 1
936 1609 1
232 392 1
390 5017 1
533 2183 1
105 5630 1
716 5559 1
126 554 1
703 2325 1
17 500 1
260 372 1
1460 1476 1
97 755 1
260 367 1
2963 2964 1
25 943 1
883 3917 1
92 1936 1
191 1176 1
4328 4329 1
126 546 1
18 5473 3
1334 1335 1
122 1713 1
106 232 1
122 1712 2
260 386 1
18 5470 1
475 3576 1
623 4775 1
210 3858 1
5806 5818 1
1735 1736 1
98 140 1
98 141 2
1902 4550 1
191 2478 1
19 3969 1
475 757 1
326 1135 2
578 2094 3
1524 1525 1
700 2771 1
106 250 1
277 295 2
164 4171 1
211 5861 1
936 2977 1
1195 1734 1
1722 4060 1
29 151 1
98 133 1
185 3834 1
20 3782 1
384 2212 1
494 837 1
535 1285 2
222 909 1
3140 5613 1
164 4144 1
2241 2242 1
1845 2900 1
98 123 1
315 5095 1
1382 1383 1
1577 2855 1
1826 3541 1
76 5256 1
803 921 1
156 191 7
156 195 1
803 923 1
4783 5200 1
864 4538 1
5202 5203 1
9 315 3
107 2090 1
17 444 2
127 2038 1
9 310 1
113 2710 1
1005 1824 1
5932 5972 1
552 3316 2
863 980 1
9 309 2
156 242 1
219 764 1
470 471 1
277 1475 1
277 375 1
546 1752 1
185 1297 1
377 4807 1
220 507 2
17 429 1
98 178 1
765 953 1
1440 2763 1
25 1996 2
9 339 2
727 865 1
207 2344 6
315 1412 1
219 732 1
784 4245 1
9 332 3
274 500 8
107 2062 1
813 2213 1
207 1012 8
9 334 1
9 328 1
427 5118 1
783 883 1
2620 3760 1
2267 4065 5
100 669 1
1208 1209 1
17 455 1
17 459 1
1349 5167 1
708 2345 1
757 2554 1
9 320 1
110 1898 1
536 4461 1
487 4710 1
4001 4002 1
123 2328 1
631 1712 1
1904 4964 1
475 2238 1
2360 2361 1
17 405 1
431 4261 1
253 3412 1
9 350 1
23 2124 1
57 1857 1
9 352 1
211 638 1
107 2044 1
9 348 1
219 720 1
122 1699 1
535 1235 3
156 203 1
227 1894 1
122 1698 2
31 5329 1
883 2614 1
81 151 1
9 342 1
181 2894 1
63 3418 1
9 345 3
446 447 8
309 973 1
591 592 5
2150 4798 1
1460 2765 1
156 212 1
17 418 3
2057 2058 6
29 2108 1
1440 1441 3
250 994 1
277 317 3
175 299 1
17 416 1
17 414 1
249 3107 2
253 3446 1
9 361 2
9 364 1
57 1845 1
211 629 1
17 1891 1
219 709 1
97 4867 1
53 176 1
53 177 2
5473 5497 1
1012 4041 1
1620 4246 1
23 558 1
5886 5887 1
585 2098 1
722 2245 1
14 3187 1
599 3507 1
61 732 1
435 2239 1
456 5417 1
9 1012 1
237 514 1
500 1755 1
1879 1880 1
133 1412 1
275 1177 7
435 2228 1
9 3684 1
213 1738 1
1280 1624 1
367 596 1
187 2897 1
219 3505 1
34 986 1
536 5725 24
14 656 1
639 5628 1
9 2367 1
881 3695 1
9 1031 1
1577 5029 2
53 156 1
72 275 1
164 760 1
81 1329 1
164 765 1
116 1894 1
400 1486 2
164 764 1
317 4899 1
2441 4563 1
212 4615 1
96 1612 1
786 2827 1
418 1388 1
61 703 3
61 700 2
948 3304 1
277 1410 2
34 4414 1
14 3195 4
126 1413 1
4723 4724 1
920 921 1
435 3520 3
151 1972 1
193 3177 1
138 388 1
9 2388 3
38 107 1
338 339 7
57 4066 1
1033 1956 1
1646 2517 1
23 592 1
1747 2123 1
17 475 1
1301 4391 3
321 322 1
28 1592 1
105 3099 1
863 1397 1
615 616 1
578 938 6
36 2129 1
320 1118 1
309 1672 2
594 2359 4
511 4544 1
3237 6100 1
204 5837 1
219 4872 1
344 469 1
469 4180 14
14 614 1
2949 2950 1
320 3770 1
639 3000 1
38 122 1
1715 4015 1
126 1447 1
92 546 1
833 5327 1
61 1303 1
1157 1158 1
38 117 1
107 2094 1
3994 6035 1
615 639 1
38 110 1
453 2240 1
4997 4998 1
400 1079 1
491 4577 1
204 2746 1
14 116 1
107 2766 1
511 1854 1
31 1712 2
260 1185 1
1209 1836 1
23 151 1
238 2380 1
1187 1854 1
2049 5980 1
366 5177 1
755 2306 1
352 2106 1
57 916 1
1507 5364 1
21 1059 1
836 3209 1
833 5108 1
3 817 1
14 126 8
61 689 1
14 121 2
136 1530 1
738 739 1
258 4629 1
14 122 4
330 469 1
34 2090 1
61 2548 3
416 3242 1
61 671 1
157 1438 1
119 644 1
21 1051 1
107 1412 2
107 2746 1
61 676 1
120 562 1
476 2620 1
36 3866 1
347 1340 1
57 933 1
14 133 3
239 3047 1
407 1054 1
210 2485 1
29 3098 1
3963 6103 1
105 329 1
136 2842 1
53 2354 1
107 1407 1
144 228 1
386 487 2
359 429 1
61 668 1
53 1030 1
28 3670 1
239 4361 1
105 323 2
230 1663 1
269 5162 1
259 2244 1
1610 2842 1
2889 2890 1
418 2423 1
65 2626 1
1196 2774 1
218 3199 1
326 711 1
1413 1664 1
8 1857 1
599 1591 1
121 1344 1
36 2513 1
975 1260 1
1009 2586 1
61 1242 2
219 2946 1
1263 4156 1
3393 5947 1
259 2253 1
258 381 1
10 948 4
9 1228 1
608 1012 1
9 3886 1
9 1223 1
89 2423 1
23 185 1
145 1174 1
197 1644 1
456 4745 1
71 1022 1
703 3176 1
61 639 1
1846 5782 1
367 1019 1
479 6040 1
9 3890 1
527 1413 1
14 1920 1
164 722 1
77 536 1
714 3242 1
299 1102 1
14 1926 1
14 105 4
61 627 2
14 107 1
599 1562 1
507 3505 1
61 1277 1
14 190 3
123 4028 1
546 5288 1
2047 3716 1
1186 2005 1
1457 3753 1
3577 3578 1
98 2046 1
4904 4905 2
1419 1420 1
418 731 1
80 948 1
36 3804 1
3981 3982 1
57 3711 1
4770 4771 1
260 6005 1
3193 4011 1
628 651 1
151 4754 1
25 614 1
55 459 1
475 681 1
671 4667 1
55 456 3
1059 6138 1
61 1297 1
231 3634 1
9 6058 1
110 1260 2
4965 4966 1
19 431 1
92 4085 1
107 1496 1
19 1413 1
705 1000 1
413 488 1
55 440 1
25 1124 1
3462 3463 1
1121 3185 2
110 1251 1
1100 2841 1
220 3604 1
672 5381 1
30 4556 3
584 585 1
9 6049 1
683 3699 1
83 84 1
2 6072 1
778 1403 1
464 4979 1
464 2319 1
485 3555 1
211 3148 1
107 1489 1
135 288 1
750 1527 1
12 1427 1
439 1054 1
813 1995 1
126 258 1
175 366 1
81 308 1
3087 3107 2
126 250 1
599 1516 1
469 527 4
483 484 1
126 253 2
19 1436 1
310 1808 1
178 179 1
107 1478 2
639 1648 1
14 152 1
14 151 11
107 1471 1
1777 4277 1
25 1187 1
126 246 1
4351 5465 1
317 4038 1
309 901 1
19 416 1
608 1099 1
418 700 1
107 2799 1
998 999 1
639 2961 1
2619 2620 3
771 1497 1
2933 2934 1
1868 2822 1
431 1616 1
31 5263 1
288 1882 1
765 1751 1
9 3810 1
2763 5836 1
107 1458 1
14 176 1
710 2629 1
552 1436 1
811 4512 1
317 703 1
193 5926 1
703 5749 1
14 180 1
197 2900 1
277 4047 1
644 1933 1
107 2773 1
750 2816 1
308 1455 3
57 3746 1
469 550 1
25 631 1
488 700 1
196 201 1
105 367 1
276 367 1
102 2456 1
92 1798 1
220 3554 1
1574 1575 1
25 3835 1
1854 2082 1
126 299 1
1040 4931 1
55 1486 1
11 3045 1
25 681 1
9 433 6
9 427 1
78 1845 1
765 836 1
123 416 1
317 5446 1
911 912 1
2136 2137 1
3963 3964 1
1937 3348 1
1340 5855 1
110 2644 1
49 220 1
34 61 3
126 3538 1
3218 4864 1
488 2177 1
500 4087 1
1494 1495 1
89 366 1
487 2649 1
155 764 1
400 3712 1
9 454 2
347 627 5
628 3221 1
126 3549 1
2239 2816 1
212 2152 1
469 475 22
347 621 2
9 444 3
123 441 1
126 2229 1
71 937 1
10 57 2
909 4765 1
464 1055 1
7 8 10
635 2717 1
2828 2829 1
9 469 4
19 381 1
309 863 1
825 2637 1
3240 3569 1
61 6016 1
58 91 1
110 3933 1
63 4868 1
140 4748 1
55 535 1
1388 1755 1
58 97 1
500 4049 1
317 779 1
839 852 1
17 1755 1
22 3115 1
627 1285 3
951 2771 1
1022 1717 1
155 4891 1
427 755 1
4222 4223 1
541 542 1
989 990 1
1139 1530 1
249 1047 1
81 253 1
71 78 1
521 4805 1
71 72 1
142 3988 1
107 803 2
736 5192 1
17 1733 1
2211 3403 1
452 453 3
1282 1408 1
1365 1366 1
127 1902 1
144 176 1
1730 3754 1
731 3925 1
145 1185 1
485 971 1
1146 1338 1
1282 2743 1
61 601 1
3264 4693 1
381 2292 1
1882 3933 1
500 1896 1
1845 3748 1
34 623 1
1790 4869 1
1146 3990 1
980 5033 1
122 3346 1
322 3911 1
2503 3512 1
789 1448 1
418 1031 1
6056 6057 1
1297 5083 1
813 5449 1
164 640 1
107 836 2
92 866 1
1167 1232 1
309 1744 1
193 456 1
31 1667 1
107 831 1
755 1035 1
133 1725 1
3478 5689 1
700 2087 1
177 1041 2
343 1265 2
309 1777 1
821 4294 1
57 950 2
9 1179 1
9 1176 1
1196 2817 5
418 1059 1
1177 1283 2
682 1592 1
631 5802 1
193 483 1
1531 2888 1
404 1969 1
451 3000 1
122 3352 1
122 2020 1
277 1796 1
269 919 1
637 638 4
92 881 1
110 6128 1
9 416 1
416 3166 1
329 510 1
100 110 1
43 546 1
177 1028 1
295 2327 1
121 1408 1
3846 5902 1
9 1195 1
1277 2410 1
1198 5356 1
23 245 1
250 251 1
258 320 1
765 892 1
1845 3788 1
9 400 3
18 928 1
1712 2426 1
107 1318 1
2202 2591 1
61 574 1
1517 1760 1
924 3740 1
21 1192 1
1734 4125 1
1527 4451 1
4070 4071 1
326 1337 1
218 381 1
617 3320 2
53 2211 1
381 3667 1
253 1964 1
107 1301 1
329 689 1
28 3570 2
863 6009 1
36 3778 1
1635 1636 1
61 2423 1
1177 1297 1
455 1504 1
120 693 1
210 211 1
28 513 1
61 550 1
49 1054 1
57 812 1
546 765 1
61 3768 1
1179 1754 2
381 3686 1
614 3263 1
18 916 1
107 2615 1
551 3033 1
204 3967 1
34 3295 1
4171 4172 1
61 1104 1
364 1043 1
107 3941 1
65 2539 1
253 1985 1
105 200 1
1085 2046 1
65 1203 1
347 1474 1
263 1163 1
640 941 1
1510 1511 1
4514 4515 1
1297 1698 1
1033 1796 1
61 533 1
110 1192 1
696 1471 1
210 286 1
1004 2311 1
3566 3567 1
9 1344 1
1268 1361 1
253 1925 1
3954 5378 1
61 2467 1
1395 4730 1
164 617 1
283 1480 1
233 2707 1
136 2922 1
2007 4975 1
170 171 2
418 683 1
691 692 1
357 1948 1
61 2476 1
578 4887 1
585 1756 1
367 1129 1
107 3901 1
1593 3712 2
310 1777 1
946 1000 1
431 639 1
1012 2538 1
25 718 1
98 2169 1
372 1283 1
19 329 2
628 764 1
98 342 1
185 5803 1
119 2919 1
105 1030 1
1879 5204 1
126 320 1
151 2212 1
805 1893 1
164 3049 1
25 731 6
206 1176 1
61 1176 1
126 317 1
309 5311 1
581 582 11
30 3119 1
418 631 2
431 654 1
309 810 1
232 3163 1
309 813 1
418 638 1
5790 5791 1
151 3571 1
107 1371 2
69 635 4
61 1187 2
102 416 1
151 2237 1
552 3937 1
25 707 1
151 4895 1
107 1365 1
282 433 1
117 1350 1
3112 3113 2
475 584 1
107 1361 1
1340 4345 1
718 3482 1
709 1812 1
18 967 3
971 1921 1
175 485 1
119 580 1
1176 2112 2
151 3595 1
679 4165 1
110 1128 1
31 875 1
1114 6169 1
53 2253 1
1336 1476 1
98 4781 1
107 1344 1
639 2843 1
107 1349 1
1593 2488 2
25 773 1
1338 1734 1
845 1844 1
18 984 1
475 521 1
69 666 1
98 362 1
475 4200 1
9 2605 1
126 351 2
61 591 2
4918 5423 1
1176 3471 1
98 367 1
57 2542 1
792 4258 1
444 1459 2
183 5937 1
487 1480 1
106 3085 1
1854 2114 9
105 2340 1
1592 1713 1
9 2617 1
1022 2997 1
107 1325 1
107 2656 1
107 768 1
2174 3015 1
18 3124 1
628 3134 1
673 2305 1
1184 4377 1
628 3139 1
11 136 1
18 3120 1
11 130 1
566 567 1
9 552 3
107 765 2
676 700 1
276 334 1
107 778 1
722 2098 1
212 632 1
107 773 1
492 523 1
1790 2162 1
863 1113 1
464 2280 1
2245 2557 1
309 777 1
3300 3301 1
8 9 9
25 788 1
863 1144 1
107 787 1
18 4427 2
258 400 1
102 499 1
628 836 1
89 499 1
9 562 2
107 792 1
552 2681 1
253 5429 1
4950 5993 1
106 5678 1
164 4443 1
9 599 1
1376 1377 1
18 3153 1
628 858 1
1959 1960 1
275 951 6
34 789 1
2208 2209 1
535 1443 2
2460 2461 1
1046 1721 1
122 5840 1
193 308 7
1729 1730 1
685 686 1
92 700 1
2763 3376 1
142 1442 1
17 2981 1
400 2562 2
491 5705 1
534 5616 1
400 1234 1
23 315 1
288 4055 1
1507 1712 1
948 3560 1
193 326 1
4982 4983 1
29 3219 1
948 3559 1
9 1251 1
1845 4980 1
17 1624 1
2994 5478 1
23 302 1
1044 1045 1
608 993 1
193 322 1
765 792 1
193 315 1
244 277 2
9 2594 1
455 1553 2
207 3067 1
315 410 1
107 703 1
164 533 1
2779 2983 1
107 709 2
21 3744 1
1778 3361 1
122 4550 1
328 5682 1
107 700 3
23 320 1
53 3609 1
361 5486 1
700 2152 1
2715 4151 1
635 6164 1
386 400 1
3263 6113 1
1698 3040 1
534 4313 1
1956 5463 1
23 351 1
107 723 1
250 341 1
5573 5574 1
1906 1907 5
34 722 1
212 2229 1
21 1144 2
14 5566 1
17 5183 1
773 5213 1
400 2524 1
23 1438 1
2624 3283 1
57 831 1
381 1043 1
164 546 1
9 507 3
582 2260 1
193 367 1
176 1609 1
1826 2912 1
533 3750 1
2388 4204 1
9 535 1
9 536 2
34 700 1
649 5888 1
74 1122 1
93 107 2
451 4433 1
570 5013 1
244 245 1
9 533 1
9 534 1
523 584 1
23 372 1
61 3723 1
1438 4657 1
936 945 1
1177 1380 1
220 2399 1
1085 2094 1
170 210 1
338 2185 1
34 2044 1
1104 2235 1
722 4653 1
423 1260 1
129 4791 1
1462 5015 1
755 1192 2
315 435 1
579 4217 1
579 4219 1
1769 1770 1
400 2538 1
107 755 1
1135 3793 1
61 4943 1
210 2254 1
102 700 1
102 703 1
136 2636 1
901 2174 1
61 454 1
61 4941 1
214 813 1
771 772 1
14 357 2
122 4499 1
122 3165 1
9 2745 1
418 4804 1
9 1412 1
433 4113 1
784 1790 1
456 5815 1
2219 4278 1
136 2627 1
433 755 3
1592 1856 1
196 2077 1
105 2082 1
78 151 2
151 3261 1
19 619 1
1762 3874 1
14 362 1
1469 1612 1
61 431 1
1971 2704 1
433 784 1
397 700 1
107 3834 3
263 3402 1
552 6017 1
367 880 1
527 1614 1
2000 2001 1
703 2039 1
10 6014 2
78 135 2
703 2035 1
53 2110 1
78 133 1
491 4788 1
130 2042 1
106 1823 1
61 423 1
14 383 1
3973 3974 1
57 701 1
57 1369 1
1248 5963 1
400 4786 1
232 858 1
1153 5548 1
3796 3797 1
3000 3001 1
78 122 2
461 2644 1
9 1458 1
617 873 1
14 318 1
1429 1430 1
475 476 1
755 1244 1
1777 1826 1
431 1444 1
36 2770 1
17 197 1
61 400 1
61 3661 1
608 1260 1
1734 4429 1
21 2197 1
654 3713 1
911 5051 1
14 328 1
29 1923 1
351 526 1
105 546 1
948 3649 1
416 518 1
14 320 1
1891 3846 1
248 2818 1
1246 3276 1
881 2687 1
507 792 1
78 107 1
78 105 2
525 2444 1
343 4958 2
14 339 4
106 1857 1
507 797 1
1883 4900 1
490 1403 1
522 948 1
14 333 2
550 3380 1
31 581 1
259 1144 1
270 1648 2
14 347 1
14 348 1
112 151 2
487 1177 1
96 5664 1
21 31 1
346 3541 1
61 2365 1
772 1054 1
89 662 1
397 768 1
21 25 1
21 23 3
21 22 1
202 994 1
55 220 1
289 1063 1
852 1260 1
2086 2946 1
416 3439 1
151 5846 1
601 3493 1
31 562 1
130 5939 1
357 3107 1
427 4442 2
683 2584 1
1458 1973 1
1067 1664 1
57 2636 1
14 1793 1
14 1792 1
1013 4666 1
56 1951 1
106 4009 1
164 3376 2
2394 2763 1
107 2582 1
107 1251 2
253 5813 1
1943 1944 1
2796 2797 1
1002 1003 1
167 1934 1
81 5492 1
1012 1355 1
164 2055 1
649 784 1
196 406 1
520 1244 1
112 113 55
98 679 1
380 615 1
2049 2201 1
703 3351 1
19 1679 6
2737 2738 2
107 2565 1
676 3059 1
792 4141 1
89 627 1
121 1198 1
61 488 1
61 485 1
954 1118 1
53 2138 1
25 416 1
107 1222 1
151 4550 1
78 191 1
1815 1816 1
53 2140 1
2665 2666 1
110 1475 1
546 628 1
158 3678 1
317 936 1
151 4588 1
764 3490 1
591 4233 1
106 4049 1
19 624 4
9 2725 1
19 627 1
107 1215 1
228 5842 1
14 1784 1
14 1783 1
552 1200 1
81 536 1
164 2093 1
253 309 1
107 3869 1
69 554 1
78 176 1
218 5500 1
61 469 1
107 2537 1
765 1980 1
110 2784 1
1331 2431 1
96 5709 2
2047 2105 1
357 5815 1
407 485 1
3264 4837 1
664 2749 1
108 441 1
244 306 1
304 5850 1
693 2857 1
9 669 1
9 667 1
454 695 3
367 2076 1
1192 3358 1
1536 1672 1
433 1995 2
433 1997 1
3609 4909 1
173 174 1
1480 5268 1
164 2114 1
664 1402 1
1340 3439 1
102 1350 1
18 3225 1
54 1861 1
700 3510 1
1407 3110 1
17 102 1
17 107 1
309 657 1
17 106 1
639 1789 1
3846 4454 1
228 5885 1
2127 2477 1
4 386 1
25 1408 1
2092 2644 1
1737 1738 1
108 472 1
1067 1607 1
193 618 1
1043 1810 1
96 204 1
347 813 1
5402 5403 1
315 508 3
3551 3552 1
43 367 1
123 207 1
193 4785 1
546 2771 1
1023 3648 1
546 1444 1
57 792 1
123 1592 1
288 1708 1
72 507 1
25 483 1
34 431 1
487 3720 1
309 629 2
1287 1596 1
2636 3810 1
117 347 4
464 2134 1
123 219 1
212 314 1
43 379 1
1473 2200 1
206 207 5
122 865 1
17 1550 1
887 3200 1
381 2095 1
204 1160 1
4043 4044 3
459 984 1
19 1613 1
57 6182 1
89 562 1
253 4403 1
117 317 1
5811 5824 1
4176 4177 1
439 440 1
1187 3010 1
117 5081 1
552 1282 1
107 1297 2
384 4441 1
126 1159 1
211 975 1
2256 4602 2
18 3257 1
2439 5496 1
34 418 1
204 1187 2
3557 4060 1
111 2114 1
122 884 1
435 3218 1
357 5862 1
552 1274 1
1177 1414 1
25 475 2
96 245 1
106 1790 1
1177 1471 1
17 164 1
170 4307 1
591 1984 1
4864 5949 1
2197 4669 1
57 757 1
9 1371 1
295 4768 1
57 755 1
17 151 1
17 2839 1
320 5864 1
17 156 1
3064 4206 1
533 1412 1
522 1721 1
57 760 1
31 2778 1
1596 3659 1
57 765 2
17 183 1
17 182 1
1245 1246 1
96 277 3
128 522 1
164 413 1
17 185 1
700 3592 1
788 3269 1
309 1995 1
193 2187 1
31 1412 3
1177 2777 3
164 400 1
219 1432 2
1361 2086 1
164 407 1
361 4030 1
2476 4397 1
133 1999 1
981 2151 2
57 787 1
258 3049 1
17 122 1
17 120 1
18 4534 1
17 126 3
170 3019 1
372 1520 1
1506 5676 1
1891 2463 1
250 2024 1
17 110 3
4741 4742 1
4818 4819 1
9 628 1
416 599 1
1476 3339 1
343 1031 1
4535 4536 2
320 5827 1
315 570 1
1717 2032 1
1054 1593 1
765 5401 1
176 5088 1
247 5757 1
536 3475 1
57 722 1
381 2046 1
2629 4385 1
1723 3196 1
1378 1379 1
244 367 1
5645 5646 1
295 4744 1
133 1956 2
1729 2791 1
176 2830 1
17 133 1
17 130 3
749 1458 1
17 136 2
27 1911 1
57 742 1
533 1432 1
931 5686 1
2476 5677 1
2229 2230 1
1672 3305 1
1043 1857 1
120 416 1
622 1030 1
851 852 1
4733 4734 1
151 2069 1
3186 5958 1
98 507 1
107 2402 1
106 1956 2
864 1898 1
89 700 2
14 230 4
98 500 1
23 3811 1
984 3177 1
144 1612 1
2295 5057 1
61 320 2
3 4443 2
21 2265 1
78 272 1
533 1256 1
61 328 1
9 1544 1
476 1412 1
550 2120 1
107 3717 1
98 5851 1
963 4372 2
342 1956 3
9 2886 1
106 1933 1
61 315 4
14 253 1
2 1340 1
431 2877 1
658 676 1
5043 5044 11
78 253 1
491 5997 1
61 309 3
21 2250 2
89 3816 1
881 2772 1
49 1287 1
4497 4498 1
1232 3695 1
136 2711 1
3893 3894 1
3532 3533 1
105 2150 1
9 1570 4
536 4850 1
3128 5539 1
3230 3231 1
79 2080 1
161 570 1
476 2756 1
197 2843 1
372 1479 1
322 3660 1
61 2212 1
157 800 1
14 5398 1
730 731 1
36 3979 1
98 535 2
407 1120 1
1195 3085 1
9 813 2
320 2049 1
107 907 1
601 2279 1
14 1819 1
735 5841 1
14 1816 1
14 219 2
119 728 1
9 1592 1
121 3668 1
629 1215 1
31 2704 1
61 2236 1
219 3930 1
953 2973 1
61 2239 1
9 803 1
749 1612 1
167 231 1
246 1322 3
533 1278 1
133 1790 1
21 2290 1
14 220 1
621 1836 1
14 4084 2
277 1979 1
9 5062 1
247 248 1
265 2503 1
2805 6059 1
31 672 2
11 415 1
1023 1024 1
558 3091 1
683 2470 1
107 1159 1
212 491 1
1854 3208 1
1467 2505 1
366 1530 1
253 400 1
434 3828 1
151 3303 1
191 2048 1
584 689 3
1609 2531 1
155 3917 1
1412 3514 1
117 309 2
196 304 1
1609 2538 1
366 1539 1
367 2263 1
19 552 2
0 1020 2
282 2092 1
151 5994 1
107 1133 1
485 2116 1
792 5370 1
159 1858 1
61 381 4
342 5488 1
511 621 1
367 939 1
2653 4647 1
649 669 1
151 5981 1
418 880 1
89 772 1
507 5849 1
63 1135 2
155 2605 1
117 1592 1
244 1050 1
107 2450 1
253 433 1
487 1251 1
2642 4815 1
107 1119 1
61 372 1
31 638 1
31 639 1
511 1932 1
119 1869 1
122 911 2
14 1882 23
57 1459 1
97 1427 1
126 127 1
317 3069 1
836 3522 1
61 367 2
61 364 1
1015 1016 1
191 2004 1
61 361 1
161 1020 1
25 535 3
106 1924 1
55 133 1
57 1468 1
151 2046 1
377 378 1
193 2301 1
764 2048 1
38 5112 1
57 1438 1
55 122 1
1143 1466 1
122 936 1
102 2500 1
1661 2129 1
683 1116 1
1268 1536 1
61 342 5
253 429 1
475 3138 14
31 628 1
107 3741 1
61 348 1
122 923 1
49 122 1
863 2219 1
18 3365 1
1044 2548 1
164 357 1
431 476 1
126 176 1
212 404 1
18 3361 1
18 4691 1
5238 5239 1
34 3511 1
122 951 1
1251 2219 1
487 2546 1
507 3294 1
57 79 1
253 366 1
651 6144 1
1044 2530 1
299 672 1
126 165 1
57 81 1
229 464 1
57 86 1
96 107 1
110 1434 1
110 2763 1
506 1378 1
299 669 1
213 3063 1
126 151 4
18 4672 1
126 156 1
703 872 1
178 550 1
57 92 1
3506 5533 1
5679 5680 1
57 97 4
635 3749 1
110 1424 1
17 2777 1
5600 5601 1
212 1192 1
57 96 9
871 3632 1
4051 4052 1
119 5459 1
126 141 1
416 491 1
309 527 1
118 2256 1
511 4122 1
552 589 1
19 491 1
141 208 1
285 469 1
310 367 1
464 4685 1
546 2653 1
893 3189 4
310 366 1
2528 5121 1
117 210 1
1789 5983 1
407 562 1
164 2026 1
97 1386 1
1507 1508 2
21 65 1
220 950 1
315 621 1
276 534 2
25 1583 1
2946 2952 3
2074 2075 1
1934 2250 2
212 433 1
21 86 1
309 500 1
21 82 1
276 546 2
561 3205 1
683 1176 1
21 79 1
21 78 2
310 5552 1
371 634 1
113 3613 1
858 4305 1
9 5041 1
96 110 1
33 34 1
34 546 1
768 2704 1
230 231 1
164 4662 1
164 5995 1
107 1177 1
19 1731 1
110 2719 1
1060 2803 1
522 1615 2
110 2710 1
107 1174 1
1427 2537 2
97 2698 3
1722 2623 1
96 122 3
96 123 1
342 483 1
92 1440 1
193 2254 1
1101 1144 1
21 61 2
106 5427 1
21 60 1
433 1898 1
21 55 1
17 1412 1
427 866 1
131 940 1
215 216 1
381 2187 1
107 924 1
1195 5684 1
219 1306 2
9 716 1
392 393 1
2692 2693 1
317 5738 1
36 936 1
672 1453 1
14 4034 1
2082 2114 1
9 1490 1
591 1875 1
9 703 12
107 933 1
9 700 2
107 936 1
29 5659 1
11 5745 1
921 5352 1
57 649 1
787 2532 1
285 440 1
78 309 2
34 500 1
96 151 2
581 2726 1
159 5412 1
123 349 1
253 3073 1
34 507 1
122 5640 1
1531 1893 1
5187 5188 1
36 950 1
25 5045 1
14 5381 3
2219 3001 1
31 3955 1
25 5046 23
176 2750 2
123 2731 1
245 5502 1
546 1331 1
938 5971 1
219 3971 1
122 5634 1
230 5216 1
1265 4202 1
487 6050 1
80 2046 1
320 2010 1
1322 1846 1
210 2176 1
9 755 1
250 585 1
522 5152 1
608 700 1
259 2640 1
230 293 1
164 318 1
1849 1850 1
204 2305 1
100 211 1
343 1146 1
343 1149 12
2276 2946 1
5324 5325 1
418 2254 1
23 2538 1
107 975 1
3810 5147 1
400 2302 1
36 2583 1
351 381 1
416 3286 1
2302 3544 1
456 3253 1
797 1682 1
185 2159 1
815 3478 1
347 1781 2
2710 3192 1
9 766 1
784 2957 1
57 58 1
210 2161 1
546 1370 1
23 126 1
45 97 1
122 3018 1
315 671 1
948 1167 1
326 5162 1
3144 3145 1
921 4000 1
260 1255 1
3473 3474 1
2106 3561 1
57 627 1
107 994 1
57 61 6
18 4617 1
57 63 1
594 1646 1
57 3322 1
110 703 1
61 210 2
1792 5301 1
211 5379 1
27 608 1
63 65 2
61 219 1
987 1176 1
156 1614 2
61 4709 1
2032 3940 1
100 4991 1
265 1940 1
53 1486 1
2032 2613 1
317 2732 1
728 1803 1
9 1666 1
629 1362 2
700 1923 1
626 627 3
433 546 2
112 2647 1
864 1752 1
185 197 1
38 98 1
111 1999 1
128 3503 1
263 739 3
107 1898 1
344 1088 1
31 379 1
295 2763 1
433 536 1
136 1995 1
372 1777 1
1790 2612 1
2523 4157 1
248 552 1
320 3068 4
676 3226 1
755 2763 1
456 3849 1
263 722 2
398 1197 1
628 1951 1
456 1257 1
78 367 1
191 367 1
1262 1263 1
14 5044 1
9 1698 2
3328 4065 1
1186 4228 1
31 357 1
1030 1539 1
57 2046 1
120 121 10
110 736 1
130 4401 1
100 1043 1
755 971 2
9 907 1
107 1866 1
31 366 2
31 367 1
274 5911 1
1658 3272 1
272 786 1
9 933 1
107 1857 1
891 1369 1
1760 5318 1
338 4411 1
38 53 1
153 1777 1
151 6123 1
107 1853 1
472 1634 1
14 80 2
2235 2236 1
635 669 1
136 1956 1
191 390 1
110 718 2
1060 2356 1
398 765 1
87 88 1
14 96 24
628 1926 1
38 44 3
2538 4360 1
450 5028 1
695 3547 1
755 1476 1
2540 5251 1
161 429 1
57 4676 3
1287 1288 1
204 367 1
110 786 1
927 3089 1
800 4063 1
357 4688 1
151 2581 1
107 364 3
107 366 3
107 367 4
829 1090 1
14 1544 2
2530 4120 1
3263 4830 1
61 287 1
204 375 1
288 1470 1
8 4475 1
61 4796 1
61 285 1
218 650 2
151 2570 1
749 786 1
1143 1176 4
858 3813 1
31 326 1
206 3233 1
18 627 1
584 1854 7
25 5955 2
1979 2323 1
210 5907 1
61 274 1
176 193 1
136 1926 1
213 384 1
367 3238 1
107 381 1
1143 1144 1
107 383 1
107 384 1
196 639 1
357 2041 1
507 1373 1
934 4302 1
309 5668 1
112 3905 1
384 5621 1
18 639 1
485 1373 4
91 145 1
367 3223 2
546 6107 1
97 1797 1
107 390 1
244 1177 1
1232 5337 1
1612 2863 1
82 107 4
577 578 1
97 1785 1
126 3030 1
127 1547 1
836 2315 1
503 504 2
206 3240 1
113 4661 1
367 4574 1
151 1287 1
61 244 1
275 585 1
433 552 1
1547 1548 1
275 591 1
4 21 1
87 1984 1
151 1282 2
2548 4174 1
3251 3252 1
25 2046 1
18 623 1
105 1369 2
176 1297 1
17 1359 1
1467 2696 1
1507 4409 1
1086 3039 2
61 233 1
459 2422 1
381 677 1
683 4510 1
17 1361 1
381 681 1
755 2710 1
546 6161 1
204 309 1
34 133 1
310 416 1
4022 4023 1
17 1371 1
381 671 1
5940 5941 1
96 400 2
96 450 1
107 408 1
309 433 1
2245 3306 1
18 2152 1
260 1507 1
164 1019 1
164 242 1
107 400 1
107 4145 1
384 5595 1
250 5339 1
21 2707 1
107 418 1
272 1853 1
164 227 1
454 455 1
177 3276 1
1999 2012 1
491 1856 2
381 688 1
309 429 1
79 4859 1
63 3970 1
492 2678 1
193 836 1
955 1218 1
290 2443 1
25 211 1
164 230 5
405 1018 1
749 829 1
105 1444 1
107 429 1
176 1370 1
580 934 1
260 2808 1
309 418 1
429 764 1
122 615 1
122 614 1
18 599 1
207 277 5
105 2776 1
107 424 1
4352 4780 1
703 1863 1
269 499 1
34 212 1
18 4787 1
1480 5493 1
1276 4247 1
36 5140 1
639 3715 2
764 1964 5
107 433 1
107 435 2
164 278 1
102 106 1
3670 4384 1
30 1994 1
122 1104 25
164 1054 1
155 348 1
18 570 1
672 3956 1
17 2630 1
96 499 1
122 639 2
275 628 1
151 2538 1
1024 4853 1
21 1418 1
54 749 1
1672 3130 1
17 1306 1
1067 5390 7
765 2538 1
136 817 1
2191 2192 1
57 562 1
122 621 1
927 5756 1
260 879 1
3010 5626 1
107 454 1
122 628 2
487 1786 1
722 3032 1
435 5640 1
3243 3850 1
92 1337 1
61 191 1
25 4707 1
252 253 1
386 3449 1
61 197 1
19 1846 1
517 754 1
19 1854 2
211 1796 1
156 1598 1
608 683 1
5435 5436 1
18 552 1
328 2012 1
101 797 1
2451 2452 1
107 469 3
2093 2670 1
25 220 4
36 5106 1
275 608 1
18 2166 1
231 367 1
180 1457 2
21 2724 1
1476 1777 1
488 1297 1
1192 2245 1
357 358 3
433 1777 1
61 185 2
219 4344 1
133 3056 1
43 151 1
561 3104 1
452 4243 2
96 487 1
126 4437 1
213 338 1
207 219 2
136 863 1
122 1146 3
608 620 1
122 672 1
14 61 1
84 4348 1
429 2960 1
440 1727 1
429 700 1
258 4103 1
524 1159 1
2116 2117 1
400 765 1
53 1523 1
511 1320 1
122 3799 1
459 792 1
552 4122 2
2 2044 1
57 3268 1
119 5724 1
621 1000 3
387 388 5
14 36 1
3013 3014 2
2621 2622 1
366 441 1
57 533 1
1322 1717 1
3169 4697 1
14 43 1
1365 3527 2
315 764 1
9 852 1
57 3279 1
1437 1918 1
591 1733 1
98 3825 2
21 1436 1
456 1143 2
151 6033 1
122 683 1
14 57 20
1410 3993 1
14 55 1
143 392 1
107 4198 1
806 2849 1
366 469 1
78 1412 3
363 1282 1
107 4190 1
14 17 2
671 764 1
14 15 7
2 122 1
2 121 1
1102 5998 1
290 888 1
785 923 1
14 18 1
14 19 13
772 2503 1
151 6066 1
122 1187 2
111 1897 1
14 21 1
309 475 1
9 875 1
4017 4406 1
864 865 2
89 4690 1
3398 3399 1
14 25 2
2653 3810 1
456 936 1
475 1413 1
342 784 1
4462 5729 1
106 5962 1
14 30 1
4761 4762 1
14 34 1
164 3645 1
1789 4913 1
9 863 9
529 700 1
211 1708 1
1058 2842 1
36 639 1
21 1490 1
86 4814 1
107 4161 1
485 2715 1
1129 1130 1
53 1504 1
347 3616 1
1014 1192 1
993 1796 1
1551 1552 1
57 507 1
122 1190 1
400 5929 1
220 5781 1
144 1230 1
400 5924 1
2289 2290 1
322 342 1
400 2040 1
1291 1292 1
9 1777 1
1140 1141 1
57 4784 1
4282 5823 1
377 4243 1
546 1192 1
433 635 1
535 1953 1
456 1320 1
191 210 1
1044 3198 3
456 730 1
191 207 1
9 1780 1
683 684 1
538 539 1
529 530 1
110 2077 1
14 1612 1
367 4608 1
533 2791 1
3335 4114 1
53 1380 1
31 499 2
185 1826 1
529 533 3
1297 2538 1
120 220 3
322 379 1
481 585 1
456 2630 1
2181 2182 1
508 3240 1
591 1698 1
23 1868 1
295 1326 1
626 1387 1
320 3180 12
2470 2763 1
98 1252 1
2373 2589 1
152 326 1
705 706 1
836 1192 1
317 5099 1
1224 4749 1
951 4291 1
110 628 1
110 629 1
53 3972 1
1099 1743 1
5345 5346 1
2049 4338 1
185 244 1
176 206 3
5481 5482 1
61 5966 1
427 1013 2
975 2236 1
69 2401 1
975 2235 1
182 423 1
649 883 1
14 5153 1
61 3314 1
14 2900 1
2973 5690 1
674 675 1
4985 4986 1
23 1819 1
69 260 1
107 1733 1
31 457 1
992 4443 1
901 2487 1
2332 2379 1
456 2675 2
152 367 1
318 2250 1
824 4743 1
78 1350 1
644 2064 1
110 669 1
881 2902 1
2168 5773 1
19 78 1
228 3522 1
1015 3010 1
107 244 1
18 534 4
31 435 3
107 246 1
269 309 1
550 1412 1
507 1271 1
28 120 1
813 1618 1
1908 3636 1
354 3626 1
1371 1423 1
3276 5760 1
1050 1347 1
107 253 3
2819 2820 1
164 191 1
615 3026 1
107 258 1
19 81 1
18 507 2
191 3102 1
110 649 1
61 156 4
61 151 4
9 1712 1
585 1306 1
275 481 1
4401 5883 1
107 262 1
19 57 4
3030 4102 1
107 269 1
357 3250 1
1019 1446 1
892 3276 1
434 3606 1
1372 3494 2
120 4753 1
151 928 1
61 3361 1
298 2772 1
28 107 1
367 2012 1
722 1980 1
381 500 1
151 1388 1
61 4698 1
107 274 2
107 275 1
5160 5161 1
3521 5829 1
244 1297 2
629 2759 1
107 277 2
110 5977 1
19 61 3
2492 2656 1
4598 5090 1
21 5190 1
36 5078 1
1862 5875 1
61 133 2
1857 2187 1
1143 1247 1
588 943 2
107 282 2
836 1103 1
107 287 1
105 1479 1
503 628 1
61 123 2
367 3364 1
61 122 1
31 407 1
107 294 1
61 2062 1
61 126 2
3186 3187 1
661 5523 1
155 176 1
210 656 1
791 1448 1
310 548 1
28 151 1
110 687 1
815 1859 1
2431 2630 24
2660 2661 1
3009 3010 1
61 119 1
25 4790 1
61 117 1
4927 4928 1
629 2704 1
1019 1401 1
629 2701 1
218 1038 1
176 1187 1
176 1186 1
10 404 1
204 433 16
3356 3357 1
54 562 1
98 1287 1
176 259 1
19 29 1
61 107 6
135 2307 5
1469 1796 1
19 20 1
155 156 1
140 687 1
1192 2395 1
2653 2654 1
122 3604 1
218 703 1
435 4257 1
151 2620 1
1412 5410 1
501 1646 1
193 720 1
57 475 1
1562 4851 1
18 499 2
1746 1747 1
176 1234 1
315 817 3
1259 2047 1
204 536 1
204 530 1
310 558 1
34 357 1
1373 3118 2
151 3941 1
608 3088 1
25 4818 1
164 2235 1
1612 1738 1
164 2237 1
214 1626 1
178 786 1
338 948 1
18 2256 1
18 2254 2
197 3102 1
1135 4187 1
34 349 4
21 5098 1
18 2253 1
561 3031 1
188 2892 1
490 2093 1
18 2251 1
218 728 1
18 3581 1
25 309 1
18 471 1
614 631 1
18 477 1
18 476 1
1813 2095 1
92 2508 1
366 1369 1
213 427 1
551 552 1
329 5418 1
107 317 1
248 5740 1
366 1355 1
110 595 1
272 1755 1
151 2631 1
258 4081 1
25 317 1
19 1920 1
18 481 1
153 5128 1
193 736 1
122 725 1
18 485 1
418 2075 1
107 310 1
17 1215 1
18 487 1
207 386 42
122 728 1
122 727 1
228 3591 1
250 5426 1
231 253 2
107 328 2
151 1331 2
122 2318 1
21 1544 1
21 1541 1
57 433 1
1227 4370 1
328 2114 1
107 320 1
18 452 2
18 455 1
122 755 2
18 456 33
107 325 1
57 435 1
521 591 2
275 509 1
122 2308 1
22 3446 1
211 2990 3
535 770 1
43 258 1
459 1287 1
354 1088 1
43 253 1
750 2559 1
1243 4989 1
3380 3381 1
180 1586 2
491 1763 2
1100 5524 1
106 2142 1
18 429 1
170 5134 1
57 456 1
57 454 1
404 1435 1
122 4992 1
34 1119 1
25 347 2
639 2318 1
750 2525 1
984 2465 1
18 433 6
79 3618 1
96 357 1
623 1450 1
231 2980 2
9 5273 1
4433 4468 5
2502 2660 1
500 811 1
562 1823 1
191 3037 2
1517 5693 1
672 2515 1
25 357 1
122 765 1
310 4480 1
18 442 1
310 4483 1
18 444 3
107 357 1
971 1553 1
614 3772 1
185 210 1
4314 4315 1
342 633 1
591 1621 1
3242 4242 1
386 2251 1
34 1179 1
2347 2348 1
339 2776 1
965 2224 1
122 797 1
1526 2020 1
185 207 1
1021 1022 1
123 133 1
18 4845 1
57 2088 5
3540 3541 1
78 556 1
107 1826 1
21 1576 1
2 299 1
78 552 2
4452 4736 1
3076 4660 1
328 2146 1
18 3505 2
57 405 1
123 140 1
534 4776 1
31 3747 1
488 3784 1
1749 1750 2
546 2431 1
456 803 3
53 1412 1
411 1395 1
418 5999 1
122 1044 1
1054 4559 1
222 309 1
122 1040 1
40 1828 1
57 416 1
1646 1846 1
682 2537 1
57 3394 1
730 2590 1
2187 2188 1
107 1806 1
107 1805 1
396 3102 1
1997 4268 1
9 14 3
9 18 1
353 1366 1
9 17 11
18 3563 1
591 1660 1
4440 4441 1
272 1760 1
511 1252 1
36 728 1
9 25 105
339 370 7
9 29 1
156 1658 1
9 21 1
2330 5635 1
681 1980 4
210 3276 1
237 1247 1
2046 4333 1
475 2868 1
700 3064 1
9 36 2
122 1053 1
309 342 1
386 2280 1
9 31 2
18 4878 1
78 507 1
1812 2764 1
57 2095 1
664 994 1
507 3919 1
562 920 1
1033 3912 1
9 44 1
123 151 4
116 266 1
750 1285 1
272 1799 1
19 5487 1
111 1781 1
3427 3428 1
2 231 1
459 6117 1
383 4886 1
485 5098 1
9 56 1
765 1187 1
156 2979 1
9 57 2
22 562 1
2952 2953 1
107 4032 1
639 1054 1
9 54 1
9 55 1
63 2707 1
471 4273 1
933 1250 1
57 3562 1
2377 3439 3
21 789 1
40 193 1
151 1099 1
69 122 1
755 789 1
440 2777 1
36 417 1
60 6039 1
176 366 1
31 156 4
9 61 1
1153 2066 1
73 2621 1
18 813 1
57 2245 1
400 3001 1
18 815 1
13 534 1
600 1860 1
2431 6011 1
317 1640 1
459 2614 1
210 367 1
122 392 1
107 1662 1
9 78 1
122 384 1
536 2500 1
105 106 1
9 71 1
107 1660 1
69 106 5
31 130 1
416 3001 1
755 765 1
755 764 1
1455 3436 1
5342 5343 1
31 136 2
9 81 1
151 881 1
151 882 1
57 2221 1
760 4627 1
65 936 1
400 4353 1
746 747 1
98 4879 1
1052 5469 1
469 1130 1
523 795 1
22 122 1
53 1272 1
107 1646 1
287 697 1
151 891 1
9 98 2
9 96 1
9 97 3
442 5455 1
219 1868 1
110 983 1
31 110 1
204 1614 1
110 987 1
22 153 1
3645 3646 1
114 115 1
248 766 1
491 3040 1
82 1311 2
601 1270 1
18 4922 1
121 1592 1
31 122 1
329 5072 1
69 4701 1
863 3054 1
4703 4704 1
36 469 1
36 467 1
97 1937 1
97 1928 1
69 144 1
210 377 1
219 1882 1
622 4641 1
1297 1356 1
2775 5030 1
107 1610 1
107 1603 1
107 1609 1
629 1587 1
107 1602 1
863 3071 1
813 1711 1
123 4273 1
1277 1278 1
151 813 1
151 3675 1
485 2494 1
151 816 4
485 1161 1
61 3214 1
933 2508 1
427 535 1
536 6034 1
656 2015 1
8 3389 1
755 1613 1
661 3267 1
61 4550 1
9 1828 1
558 4050 1
17 1195 1
887 1064 1
96 628 1
17 1192 1
392 811 1
392 815 1
110 1034 1
72 933 1
25 2244 2
2301 5797 1
1190 1908 1
527 1205 1
4501 4502 1
1854 2262 1
11 1832 1
151 1035 1
151 1030 1
14 2675 2
123 4240 1
110 2354 1
1715 3763 1
552 1635 1
81 975 1
91 381 1
36 1861 1
1532 1589 1
151 1020 2
151 1026 1
151 805 1
5978 5979 1
640 6087 1
435 1913 1
1462 3436 1
722 1867 1
14 1330 3
36 1857 1
4436 5369 1
210 315 1
105 1102 1
57 272 1
151 1054 1
282 372 1
151 1059 2
30 703 1
151 1058 1
105 151 1
836 1223 1
1386 1999 1
1734 4040 1
145 631 1
387 3026 1
745 2759 1
628 5221 1
1121 2018 1
310 633 1
29 1532 1
8 2096 2
2110 2111 1
98 4894 1
1187 2902 1
381 400 1
1473 4344 1
61 3269 1
119 459 1
178 5511 1
110 3656 1
507 1187 1
140 386 1
487 1597 1
427 599 1
469 2431 1
1223 2416 1
594 1826 2
107 1696 1
110 3644 1
17 3785 1
102 1784 1
14 2617 1
2980 5555 1
119 435 2
683 3410 1
228 1019 1
133 3212 1
176 2394 1
131 302 1
105 126 1
800 1603 1
107 649 1
644 4738 1
5527 5822 1
533 1800 1
1755 4713 1
623 1792 1
57 357 2
164 2585 1
765 1412 2
1927 2837 1
31 2366 1
14 1284 1
986 4291 1
4870 4871 1
556 951 1
102 396 1
18 1054 1
3189 3391 3
14 1270 1
57 367 1
348 644 1
107 651 1
795 1009 2
1777 3136 1
1461 1462 1
1149 1150 1
1649 1751 1
487 2880 1
1284 1285 1
211 1591 1
433 2836 1
15 977 2
527 1160 1
38 836 1
2269 3779 1
765 1436 1
629 749 1
381 485 1
107 661 1
19 151 1
250 4227 1
1066 1067 1
151 3606 1
2152 3601 1
57 381 1
2787 2795 1
253 5308 1
53 6162 1
10 5952 1
14 1297 1
176 2402 1
36 4021 1
143 1777 1
31 1085 1
151 2302 1
1747 2899 1
240 1760 1
19 135 1
342 3316 1
107 683 1
987 2624 2
1693 3688 1
57 317 1
107 687 1
958 2514 2
629 778 2
130 1934 1
205 2826 1
1438 2730 1
1260 2295 1
22 3324 1
1624 1625 1
81 88 1
320 1868 1
18 1095 1
63 433 3
34 1486 1
381 491 1
124 4107 1
107 695 1
342 5985 1
468 469 3
44 53 1
19 107 1
18 792 1
122 416 2
487 2843 1
122 418 1
251 3948 1
384 5303 1
792 4535 1
30 1760 1
102 339 3
140 315 1
191 4241 1
21 816 3
151 2310 1
21 815 1
19 126 3
112 6013 1
57 342 2
19 122 6
683 2162 1
214 1968 1
1672 4235 1
57 347 1
275 817 1
107 1716 1
270 2402 1
21 3891 1
3113 5740 1
136 628 1
122 435 1
439 2932 1
122 434 1
107 1712 1
536 1260 1
544 545 1
29 981 1
3636 5717 1
78 3867 1
78 2539 1
1024 2093 1
4051 4357 1
122 2229 1
487 1507 1
2250 4392 1
933 1192 1
404 6176 1
71 3400 1
122 452 1
2603 4527 1
122 456 2
938 1270 1
384 1811 1
534 2484 3
122 459 3
631 4720 1
142 4624 1
1008 3321 1
933 1189 1
191 631 1
363 429 1
4854 4855 1
456 2231 1
53 1300 1
122 444 1
439 2946 1
428 2101 1
57 309 2
57 308 16
22 3392 1
78 649 1
6023 6024 1
621 2552 1
107 608 2
29 936 1
1062 2595 1
2721 2722 1
235 2399 1
672 2468 1
31 3657 1
4192 4193 2
456 703 1
56 61 1
1008 3303 1
107 5277 1
500 552 1
144 1015 1
107 617 1
18 1015 1
268 1908 1
363 407 1
119 3377 1
122 470 1
1322 2839 1
122 467 1
133 836 1
536 1290 1
343 349 33
133 833 10
136 681 1
1024 3359 2
107 628 2
18 1004 1
2811 2812 2
3810 6110 1
21 1250 1
79 2488 1
1791 4387 1
19 199 1
107 5257 1
19 191 1
107 623 1
329 1529 1
591 1537 1
107 639 1
21 894 1
116 4840 1
730 1187 1
500 534 1
357 511 1
122 490 1
754 1777 1
122 485 1
68 69 1
122 487 2
815 5789 1
22 207 8
133 813 1
31 275 2
375 2837 1
442 443 1
1297 1412 1
210 481 1
23 1632 1
102 5166 1
31 280 1
151 789 1
98 2316 1
98 4972 1
1022 4516 1
210 491 1
405 6142 1
347 1256 1
233 585 1
57 2331 1
128 129 1
400 4483 1
57 2326 1
263 2672 1
57 2343 1
78 1146 1
611 612 1
151 765 2
546 2267 1
418 485 2
646 1234 1
98 1000 1
1102 2120 1
1552 3352 1
537 987 1
1031 2112 2
550 1297 1
210 5606 1
398 417 1
191 485 1
2049 4580 1
1031 4778 1
440 1365 1
260 5229 2
1672 1995 1
1577 5989 1
113 683 2
110 858 1
330 1656 1
258 260 1
152 153 1
456 536 1
2 3548 1
1762 4888 1
31 247 1
626 948 1
25 97 6
2377 4669 1
57 1041 1
471 723 1
813 979 1
456 2441 1
69 2202 1
31 214 1
1978 1979 1
339 3882 1
49 50 1
78 2439 1
2474 4675 1
442 475 1
1228 4228 1
424 1194 1
17 1095 1
812 2039 1
1682 4460 1
98 99 1
31 228 1
2382 3055 1
96 3365 1
110 3582 1
1176 5425 1
303 534 1
1897 5865 1
57 191 6
57 190 1
151 1135 1
446 1526 1
3838 5967 1
308 5923 1
107 485 1
36 1748 1
230 769 1
902 3387 1
25 1028 1
151 700 3
2046 4098 1
210 404 1
191 4224 1
8 105 1
204 253 1
8 106 1
105 1270 1
151 3781 1
210 400 1
151 1124 1
19 106 1
218 530 1
107 492 1
96 3380 1
18 785 1
181 3266 1
107 499 1
18 789 1
2026 3709 1
2888 6070 1
102 1627 6
1565 2120 1
1939 2675 1
9 1951 1
485 1269 1
379 2561 1
18 755 2
18 757 2
628 5122 1
14 1444 1
433 491 1
608 2053 48
3054 3719 1
9 1968 1
340 341 1
836 1337 1
608 2044 1
507 1008 1
485 1257 1
456 599 1
427 428 2
345 1846 1
398 499 1
23 5120 1
151 732 2
546 992 1
57 151 3
151 1177 1
127 1663 1
210 431 1
79 6036 1
367 3135 2
151 1179 1
82 469 1
9 1979 1
53 1163 3
228 2476 1
96 535 2
320 4289 1
96 536 1
308 3306 2
96 533 1
580 4828 1
2888 3846 1
317 5249 1
367 4452 1
280 5132 1
119 336 1
1110 1888 1
107 1585 1
924 4861 1
609 1790 1
57 164 1
755 1777 1
36 1710 1
1406 1407 1
618 4271 1
459 1451 1
427 473 17
2280 2802 1
119 320 1
107 1573 1
57 176 2
433 456 13
1532 1664 1
100 2673 1
2913 3836 1
873 1845 1
61 4498 1
275 683 1
207 1861 1
57 187 2
151 1182 1
57 185 2
68 638 1
107 527 1
193 1359 2
211 2782 1
31 2251 1
18 1186 1
435 4015 1
5696 5697 1
372 416 1
535 580 1
106 5874 1
164 2466 1
197 198 7
4827 4828 1
2254 2255 1
245 2049 1
17 2313 1
107 522 1
107 536 1
176 1000 3
18 1179 1
750 1024 2
2 456 1
367 3043 1
102 275 1
1247 4118 1
57 241 1
1177 1997 6
3626 4927 1
763 1096 1
107 530 1
17 3653 1
416 1986 1
317 4026 1
78 703 1
10 557 1
433 2717 1
594 5428 1
102 245 1
514 3631 1
435 916 1
57 253 1
2912 5422 1
31 2229 1
250 3016 1
1300 4285 1
107 558 1
30 913 1
342 4554 1
433 2707 2
325 326 1
211 1486 1
31 2235 1
185 4306 1
765 3961 1
140 481 1
105 1337 1
710 1924 2
825 1652 1
1192 1263 1
8 2263 1
433 1448 4
433 1443 1
122 511 1
381 382 1
2128 2129 1
107 562 5
18 696 2
122 517 1
2 418 1
14 1347 11
25 2439 1
235 936 1
119 296 1
2026 3614 3
102 230 1
357 499 1
151 2411 1
107 570 2
551 784 1
866 1873 1
25 136 1
107 576 1
122 507 1
1210 1211 1
119 286 1
3174 3175 1
119 288 1
2202 4199 1
119 289 2
122 530 1
211 2769 1
57 211 2
57 210 1
25 105 5
107 580 1
357 2245 1
213 220 1
122 536 2
466 2779 1
25 3744 1
119 271 1
554 5495 1
151 2431 2
2152 2431 4
80 2478 1
164 1166 1
107 591 1
18 683 1
79 126 1
258 2947 1
14 1373 4
57 228 2
14 1370 1
178 938 1
347 2615 1
338 5406 1
191 1983 1
1592 5943 1
2202 4129 1
386 671 1
1043 1563 1
253 5236 1
164 3712 1
816 817 1
882 3842 1
810 1322 1
25 164 1
381 3030 1
342 867 1
18 2424 1
640 1177 1
65 755 1
703 4198 1
133 994 1
1634 2630 1
339 585 1
1124 1177 1
764 765 2
44 4881 2
25 57 1
57 2293 1
37 38 1
433 1460 2
407 1699 1
471 650 1
310 3367 1
5197 5198 1
1159 3212 1
700 3249 1
909 934 1
21 971 1
649 3414 1
696 2983 1
433 1459 3
122 562 1
122 3451 1
534 2373 1
21 3977 1
25 151 2
3636 4538 1
18 2476 1
25 31 1
381 4321 1
2902 5825 1
398 2321 1
9 5422 1
418 497 1
191 522 1
322 546 1
628 1557 1
185 406 1
476 1028 1
19 3042 1
25 44 1
3361 4189 1
283 1295 1
65 797 1
3609 5080 1
2 497 1
21 1378 1
838 5217 1
435 984 1
18 3790 1
3337 3338 1
204 1442 2
122 585 1
1104 1159 1
36 501 1
107 5142 1
459 460 39
107 507 1
248 901 1
21 2699 1
122 2176 1
107 5139 1
309 4709 1
191 536 1
1261 5358 1
347 2630 1
70 643 1
310 4645 1
136 791 1
78 736 4
126 5806 1
372 487 1
435 966 1
475 1755 1
164 3742 1
24 2295 1
392 1823 1
2327 2587 1
5005 5006 1
272 322 3
635 3281 1
5090 5093 1
456 1693 1
124 2539 1
18 21 2
18 22 1
18 24 1
679 4888 1
110 3054 1
2118 2197 1
136 456 1
91 521 1
1102 1124 1
4006 4007 1
18 6069 1
251 4652 1
122 151 8
1794 1891 1
133 4768 1
18 36 2
18 38 1
730 1887 3
176 594 3
1841 1843 1
1841 1842 1
949 1042 1
928 3792 1
18 31 1
1995 4098 1
1538 1539 1
309 3411 1
2428 2431 21
21 562 2
949 1043 1
136 487 1
1949 1950 1
176 591 1
122 178 1
122 177 1
122 175 1
948 1631 1
207 6149 1
1937 5175 1
2267 2665 1
78 2356 1
151 646 1
1058 3606 1
19 4511 1
151 649 1
122 167 1
875 892 1
5046 5694 1
142 4356 1
404 1181 1
487 534 1
1370 3529 1
151 696 1
1672 1880 1
328 329 3
487 531 1
36 219 1
629 1796 1
696 4612 1
122 197 2
151 5253 1
1791 2463 3
36 211 1
6063 6064 1
4763 4764 1
21 599 1
587 1244 1
18 2502 1
599 3393 1
131 176 1
30 533 2
122 191 3
1109 1110 1
487 521 1
819 3483 1
197 413 1
122 193 1
361 1265 1
1882 3193 1
689 690 2
36 224 1
2376 2929 1
220 381 1
126 1712 1
331 2269 1
61 5615 1
151 675 1
19 3233 1
1581 1582 1
591 1365 1
151 681 1
384 1612 1
151 683 2
220 4066 1
950 2566 1
361 513 1
760 1312 2
435 561 1
309 2114 1
102 1934 1
346 347 1
29 693 1
435 1712 1
4745 4747 1
176 530 1
156 909 1
75 1196 1
220 366 1
220 365 1
221 1260 1
755 1845 1
2849 3180 1
933 1412 2
197 464 1
522 1031 1
219 2082 1
481 820 1
456 467 1
773 3631 1
36 253 1
124 609 1
122 2908 1
122 2902 1
580 1234 1
1703 4530 1
107 4533 2
8 228 1
34 1602 1
456 457 1
1882 4486 1
418 1923 1
53 862 1
107 5860 1
1672 4017 1
700 2821 1
31 53 2
530 1247 1
232 233 1
242 1956 1
429 1176 1
57 1999 1
14 1102 1
18 84 1
57 1995 1
18 81 1
456 481 1
1698 2501 1
2826 5347 1
668 773 1
17 2263 1
18 96 1
211 303 1
18 92 1
527 651 1
110 343 1
31 36 1
219 434 2
1826 2106 1
533 770 1
211 1375 1
18 69 1
211 357 1
5352 5811 1
18 61 5
623 1192 1
533 4270 1
948 1615 3
68 4264 1
110 330 1
3599 3600 1
416 1455 1
110 334 1
661 3464 2
1882 3106 1
104 106 1
97 222 1
649 2704 1
2193 4728 1
1297 2043 1
585 2106 1
2107 2108 1
3469 3470 1
17 2247 1
309 2183 1
468 1937 1
204 785 1
133 3447 1
122 2973 1
17 816 8
328 381 1
815 2827 1
6114 6115 2
3586 3916 1
19 5809 1
60 422 1
1585 1686 1
79 196 1
213 1008 1
14 3700 1
122 1630 1
63 296 1
211 344 1
136 3298 1
185 2609 1
414 798 1
320 1657 1
1778 5049 1
219 2114 1
3635 3636 1
1365 3147 1
1277 1906 1
1019 1020 1
18 134 2
18 133 3
6150 6151 1
18 136 1
249 4121 1
18 138 1
14 1040 1
57 116 1
92 4816 1
78 836 1
1650 1651 1
8 1008 1
110 258 1
1260 2492 2
2 4275 1
367 4017 1
57 126 1
57 123 2
57 122 2
594 4220 1
320 1660 1
107 3283 1
110 262 1
3636 4239 1
29 1340 1
2522 3803 1
151 1672 1
122 1567 1
97 233 1
151 1676 1
440 4372 1
414 1058 2
185 507 1
106 628 2
57 133 4
485 5349 1
18 110 2
254 255 1
18 112 1
579 601 8
1730 1997 4
98 5180 1
136 3385 1
151 1668 1
18 119 1
110 231 1
700 1581 1
97 247 3
4525 4526 1
277 4883 1
245 367 1
106 1143 1
122 1553 1
372 3036 1
381 1824 1
260 1977 1
106 639 1
164 1486 1
122 1550 1
1129 3369 1
57 141 1
931 4955 1
18 122 2
14 2388 1
18 124 1
110 241 1
207 1384 1
444 536 1
204 844 1
581 4684 1
953 1198 1
106 1192 1
427 5064 2
151 1698 1
106 1198 1
17 765 1
433 1322 1
620 1297 1
207 1355 10
133 683 1
165 2021 1
429 3856 1
342 3559 1
204 846 1
533 824 14
110 299 1
455 5835 1
56 3589 1
30 1502 1
2012 4274 1
14 3649 1
404 2418 1
475 3675 1
714 5091 1
806 4183 1
53 946 1
371 1132 2
23 4678 1
18 100 1
18 102 1
107 3243 1
18 107 4
107 3242 1
18 106 1
107 4573 1
263 264 1
54 3847 2
127 2337 1
3458 3459 1
91 5169 1
14 1008 1
53 1904 1
123 3506 1
1120 1934 1
31 3494 1
121 848 1
317 2399 1
14 3669 1
661 3408 1
731 4394 1
185 1355 1
14 902 1
258 2826 1
57 107 5
57 106 1
1656 5049 1
1249 1250 1
151 2900 1
18 1227 1
156 994 1
536 661 1
8 14 5
496 497 1
191 836 1
588 589 2
429 6089 1
57 5479 1
109 416 1
57 4127 1
481 3446 1
18 2545 1
317 1000 1
5336 5337 1
237 4672 1
640 2386 1
231 1927 1
181 3825 1
562 3024 1
206 1826 1
310 2363 1
8 21 1
84 938 1
1438 1698 1
220 4029 1
629 4010 1
21 608 1
357 722 1
122 210 2
18 191 1
8 36 1
133 620 1
18 193 5
122 213 1
71 110 1
122 212 1
18 197 1
220 4024 1
207 671 1
223 224 3
971 1235 3
2765 4056 1
366 3494 1
237 429 1
471 2383 1
433 1339 1
1994 2121 3
250 2678 1
433 1331 3
71 124 5
122 204 1
1383 2752 1
71 122 3
122 207 1
97 4389 1
164 1408 1
36 5537 1
272 367 1
4885 5261 1
320 1696 2
14 948 4
11 1215 1
122 232 1
1894 5359 1
29 700 1
9 4200 1
151 1609 1
795 4322 1
357 770 1
110 3093 1
357 3822 1
435 1693 1
806 1980 1
136 418 2
259 585 1
191 1826 1
57 1902 1
644 1038 1
571 572 1
784 943 4
1187 3680 1
431 4797 1
1664 1665 1
1606 5725 1
29 718 1
405 1480 1
122 253 1
18 151 4
122 258 1
891 2292 1
106 2428 3
112 720 1
556 4508 1
220 410 5
2525 2526 1
18 1233 1
283 700 1
487 588 1
207 628 1
56 718 2
116 2423 12
18 1236 1
428 948 1
14 984 3
343 562 1
9 4238 1
18 164 1
1628 1629 7
18 1228 1
185 552 1
21 661 1
790 2032 1
1330 2150 1
45 338 1
122 277 1
122 275 3
1054 4932 1
122 278 2
328 400 2
384 785 1
792 919 1
14 6053 1
250 1413 1
2644 4464 1
117 4474 1
76 433 1
1192 2707 1
2776 3810 1
433 1192 6
151 552 1
151 511 1
250 2719 1
151 5359 1
112 4942 2
1790 2968 1
211 499 1
71 196 1
54 1192 3
14 6072 1
78 3584 1
3130 3131 1
1611 2324 1
237 3524 1
4308 4885 1
151 521 3
858 933 1
151 522 1
19 5965 1
786 792 1
441 1370 1
2046 2047 1
971 1078 1
1030 2519 1
164 3909 1
546 2095 1
4544 4877 1
381 936 1
151 4049 1
483 1187 1
4095 4096 1
165 870 1
1029 1030 1
91 1469 1
202 433 1
110 4237 1
193 2915 1
110 4221 1
151 589 1
176 681 1
483 1176 1
141 2229 1
18 2617 1
633 735 1
228 3970 1
57 5663 1
331 1022 1
435 671 1
616 722 1
30 687 1
354 1410 1
9 5725 8
122 5049 1
1412 2876 1
220 253 1
3946 4498 1
1687 4140 1
487 622 1
220 250 1
110 4201 1
1184 1232 1
435 683 1
397 2785 3
18 3932 1
1837 1838 2
1837 1839 1
2656 3486 1
36 367 2
1269 1593 1
70 3580 1
36 362 1
102 1884 1
668 669 1
1297 2100 1
1754 4022 1
1480 2047 1
69 1531 1
185 2772 1
456 1734 2
654 2937 1
371 3628 1
36 379 1
1635 2112 1
140 295 1
76 3290 1
494 1413 1
4958 4968 1
695 768 1
106 451 1
1440 2491 1
248 4911 1
695 766 1
310 951 1
522 2254 1
106 453 1
106 456 2
2040 2548 1
328 491 1
668 671 1
816 2102 1
1058 1176 1
2717 2779 1
131 245 2
826 882 2
2501 2502 2
1780 6019 1
1496 4263 1
36 390 1
8 372 1
423 616 1
938 1707 1
197 320 4
106 464 1
106 469 1
933 2846 1
320 1835 3
303 313 1
14 1223 1
96 714 1
258 1412 1
2620 4450 1
936 2713 1
219 585 1
755 1951 1
248 274 1
96 720 1
106 487 2
188 507 1
703 1297 1
106 485 1
197 387 1
4456 4457 1
1370 2152 1
107 5710 1
107 5716 1
1251 1568 1
110 211 1
110 212 1
106 491 1
500 1043 1
110 219 2
211 491 2
5991 5992 1
97 107 3
454 4975 1
2882 3491 1
1370 2150 1
211 487 1
320 5388 1
36 1951 1
5112 5113 1
416 1301 1
110 204 1
2077 2642 3
1836 4758 1
416 2631 2
122 1529 1
197 366 1
72 3815 2
110 207 6
14 2509 1
211 456 1
1030 1231 1
28 4059 1
1708 2114 1
140 274 1
320 1800 1
487 4510 1
159 6012 1
315 6181 1
219 544 1
1105 1106 1
703 2592 1
3953 3954 1
622 1646 1
676 2291 1
219 546 14
53 764 3
211 469 5
96 765 1
110 145 1
151 1777 1
110 144 2
556 4686 1
294 4752 1
80 82 1
80 81 2
80 1328 1
211 1217 1
732 2855 1
9 4363 1
813 1104 1
140 211 2
110 151 1
106 1285 2
766 984 7
364 522 1
151 1763 1
211 1220 1
138 975 1
435 703 1
207 1282 1
320 1781 1
6171 6172 1
3503 4054 1
110 140 1
357 681 1
110 122 11
110 128 1
400 476 1
381 1951 1
381 1956 1
2070 2071 1
122 2776 1
1248 5392 1
411 805 1
1909 1910 1
14 1185 4
1989 1990 1
320 384 1
681 1521 1
122 1436 1
18 1391 1
122 1438 1
30 1448 1
110 119 1
197 397 1
75 2636 1
380 5776 1
219 507 3
14 822 2
207 2598 1
211 2576 1
97 122 2
1166 1250 1
732 2827 1
204 3040 1
2489 2490 1
3396 3397 1
1287 3427 1
628 1394 1
106 521 2
76 3260 1
233 3220 1
17 638 1
107 3136 1
148 310 1
53 813 1
110 191 1
14 1121 1
110 196 1
852 4053 1
521 1623 2
1882 5805 1
110 176 1
110 177 1
96 1037 1
214 220 1
61 1921 1
123 3407 1
320 367 1
936 5049 1
36 5484 1
43 96 1
367 4177 1
106 535 3
106 536 1
38 732 2
1655 5614 1
53 827 1
2 1926 1
210 1934 1
79 344 1
92 93 6
320 1757 1
2 628 1
614 1571 1
533 711 1
228 456 2
14 1138 1
2002 2888 1
3582 5551 1
106 546 1
196 2520 1
97 151 1
106 548 1
8 338 1
3286 4881 1
367 1939 1
320 361 1
110 156 2
628 1367 1
34 1594 1
14 3790 1
8 327 1
429 1300 1
367 1924 1
31 94 1
4 3511 3
1777 2389 1
1287 3442 1
79 363 1
1438 2888 1
234 546 1
21 700 1
959 1519 1
65 507 2
8 3714 1
683 1827 1
122 310 1
841 842 1
14 874 1
71 213 1
343 5788 1
591 765 1
629 5434 1
578 1882 1
562 4462 1
61 1958 1
122 317 2
639 3224 1
1672 1673 1
122 315 1
4470 4471 1
204 930 1
55 57 1
272 278 1
18 1337 1
322 755 1
21 719 1
320 326 2
191 728 1
179 507 2
578 1872 1
14 888 1
313 821 1
122 309 2
23 5847 1
361 700 1
21 722 1
61 1977 1
778 2044 1
4633 4634 1
444 671 1
136 522 1
80 122 1
290 546 1
599 5943 1
122 332 1
591 784 1
1655 3088 1
476 707 1
534 1276 1
1983 2722 1
2295 4361 6
151 1707 1
145 5441 1
213 816 2
36 5421 1
65 534 1
866 5182 1
143 1620 1
435 764 1
122 320 3
133 732 1
133 730 1
1889 6061 1
367 1968 11
755 5517 2
384 5063 1
367 372 1
367 374 4
80 182 2
546 3341 1
2453 2454 1
61 1991 1
21 749 1
122 357 3
921 1187 1
133 728 2
367 381 1
866 5149 1
963 3636 1
322 798 1
78 993 1
21 757 2
65 552 2
78 990 1
220 309 4
14 1192 1
122 342 1
591 710 1
122 347 1
367 1988 1
207 765 1
151 1719 1
755 5579 1
151 1754 1
272 2636 1
2046 2122 1
352 1646 1
2566 4529 1
400 433 1
191 784 1
2098 2839 1
106 3871 1
122 381 4
106 1212 1
671 2837 1
122 379 3
79 80 6
384 5010 1
133 703 1
176 703 1
2095 5038 1
18 1359 3
185 683 1
2095 5035 1
21 774 1
78 974 1
400 424 1
151 1742 1
762 2431 5
122 362 1
309 3609 1
122 367 1
9 3026 1
18 1349 1
57 4275 1
8 3727 1
166 167 1
1186 2917 1
136 220 3
1819 5061 1
11 1412 1
30 348 1
3158 3159 1
1030 3512 1
390 812 1
18 2708 1
25 3168 1
18 2707 1
244 5384 1
6131 6132 1
151 427 1
34 4040 1
57 4405 1
1824 1825 1
811 812 1
700 5290 1
5930 5931 1
3998 3999 1
0 1 1
21 322 1
1920 2048 1
367 1693 1
817 1836 1
3838 3839 1
17 2095 1
260 5769 1
2261 4440 1
298 299 1
1463 1464 1
317 2510 1
309 2315 1
1736 2742 1
2032 3729 1
19 4759 1
507 1526 1
2311 2551 1
1708 2044 1
280 1049 1
151 459 25
2546 2547 1
13 106 9
30 309 1
5 1791 1
18 1424 1
110 501 1
126 1934 1
310 3824 1
19 4782 1
1444 5186 1
151 456 2
442 3270 1
649 1228 1
106 4907 1
249 1733 1
1412 1649 1
151 464 1
343 755 1
151 469 1
18 1410 1
78 3425 1
126 883 1
2505 4344 1
397 1118 1
151 467 7
126 881 1
21 5223 1
1111 5706 1
151 475 2
183 347 2
3151 3152 1
2 18 1
487 755 2
110 4570 1
151 433 1
3335 3336 1
21 367 2
4317 4318 1
381 834 1
55 4386 1
506 507 1
2302 2965 1
1478 1614 1
30 320 3
25 3182 1
2011 3855 1
151 440 4
1762 4316 1
1882 2095 1
21 379 1
136 275 1
151 444 2
487 4231 1
2931 3102 1
1297 3542 1
191 2983 1
1757 1758 1
2841 3942 1
18 2717 1
700 1754 1
875 2042 1
2479 2480 1
219 232 1
253 2763 1
1859 3891 1
83 1104 1
107 122 4
107 126 2
21 381 1
2883 2884 1
406 1022 1
863 1755 1
18 418 1
1755 6163 1
533 588 1
524 525 1
346 522 1
1528 4582 1
372 2006 1
219 245 1
522 2132 1
210 765 1
400 5260 1
207 1565 2
56 491 1
176 4595 1
18 423 1
17 2044 1
211 1192 1
193 1777 1
928 2620 3
317 6046 1
110 527 4
207 1539 1
61 62 1
61 71 1
608 3006 1
1480 3476 4
107 140 3
107 145 1
5055 5056 1
258 2617 1
17 2012 1
863 1778 1
1102 1308 1
25 5723 1
61 79 1
2550 4862 2
219 220 1
104 369 1
530 4971 1
346 546 2
53 608 2
61 80 1
197 681 1
126 5445 3
107 156 1
728 4663 1
4207 4208 1
533 534 1
122 2716 1
361 367 1
349 381 1
1596 5490 1
1955 4114 1
204 562 3
61 4103 1
2060 5752 1
3207 3208 1
107 169 1
53 654 1
176 5870 1
4418 4419 1
126 5457 1
535 2285 2
83 143 1
309 1087 1
47 434 2
10 308 2
588 838 1
107 175 1
320 5026 1
107 178 1
73 75 1
73 74 8
3559 3780 1
110 562 1
3263 4648 1
231 635 1
533 550 1
61 5456 1
617 3857 1
5654 5655 1
6104 6105 1
369 451 1
253 2746 1
218 883 1
248 348 1
25 3100 2
175 6094 1
110 570 1
176 5893 1
813 3987 1
78 2158 1
3479 3480 1
228 289 1
654 655 1
122 2729 1
170 3921 1
627 687 1
107 193 3
65 3309 1
392 2594 1
126 4156 1
511 1172 1
115 765 1
1521 3317 1
400 1751 1
122 1307 3
499 507 1
728 4626 1
425 4721 1
476 646 1
81 1053 1
79 418 1
138 622 1
204 4243 1
151 2734 1
534 1547 46
429 550 1
971 2702 1
110 499 1
151 2738 1
668 956 1
476 638 1
5868 5869 1
668 955 2
535 2245 2
446 2469 1
65 475 1
106 852 1
269 270 1
858 2683 1
31 3226 1
133 475 1
3151 5811 1
18 384 1
470 6156 1
366 4510 1
151 1436 1
1087 4016 1
1365 2044 1
151 2763 1
60 4750 1
2358 2790 2
2905 2906 1
18 354 1
110 493 2
107 4364 1
196 2855 1
4122 4123 1
1365 3380 1
623 1307 2
219 3212 1
29 2441 1
133 456 2
831 5344 1
133 452 1
18 367 2
204 639 2
107 207 2
673 1776 1
2764 3249 1
21 2998 1
31 4594 1
1259 1260 15
1658 1659 1
320 2707 1
151 1455 2
122 2674 1
122 1346 1
646 1721 1
237 274 1
107 3018 1
493 891 1
784 797 1
1409 2746 1
2757 2758 1
107 204 3
342 1137 8
107 219 1
8 1289 1
320 487 1
468 3009 1
1409 1410 1
151 1440 2
122 1338 1
21 1651 1
2645 2646 1
122 2660 1
107 210 3
207 487 29
107 211 4
136 3114 1
53 700 1
107 214 1
320 475 2
585 1060 1
18 308 4
36 3157 1
21 1646 1
219 3264 1
1365 5990 1
29 1146 1
833 4504 1
556 3494 1
2715 6083 1
423 892 1
423 893 1
211 3734 1
107 220 1
23 4401 1
133 427 1
416 2913 1
185 700 1
499 562 1
107 239 1
155 5512 1
177 204 1
207 469 1
1186 1789 1
823 1949 1
948 4156 2
56 1192 2
2480 3645 1
80 219 1
439 4249 1
31 3248 1
615 2510 2
1179 2253 1
253 1389 1
2086 3367 1
107 231 1
18 320 1
133 418 1
18 322 6
107 237 1
650 1026 1
429 1427 1
628 2563 1
61 1834 1
785 1686 1
36 91 1
757 784 1
260 5704 1
142 326 3
36 98 1
757 2263 1
755 4313 1
492 2046 1
416 2900 1
53 1768 1
1674 1689 1
119 1159 1
366 676 1
1993 2833 1
61 1845 1
2318 6153 1
121 629 2
883 2374 1
156 764 1
29 1176 1
400 527 1
500 994 1
314 1888 1
38 411 1
23 5723 1
18 1448 1
1332 1333 1
639 2245 1
22 1195 2
320 435 2
57 3021 1
1358 1359 1
78 4706 4
277 882 1
500 963 1
2807 3140 1
433 2431 2
71 357 1
629 4244 1
36 79 1
36 78 1
151 485 3
38 440 4
2254 2799 1
387 4700 1
18 2762 1
72 5104 1
151 487 4
91 1439 1
1192 1597 1
71 367 1
2987 2988 1
357 958 1
156 1329 2
511 2438 1
4571 4572 1
18 1427 1
211 3708 1
661 4936 1
344 6000 1
631 2528 1
65 429 1
106 800 1
1044 5730 1
119 1187 1
1370 6078 1
367 2965 1
56 2431 3
599 928 1
1099 3402 1
429 500 1
190 3206 1
2772 5976 1
196 1507 1
220 5527 1
96 1312 2
36 38 1
320 400 1
96 1317 1
18 1490 1
9 5779 1
594 4425 1
1505 1967 1
96 1318 1
61 1882 1
30 376 1
34 5448 1
54 2392 1
107 3084 1
126 926 1
18 1486 1
53 1734 1
36 5731 1
2973 3434 2
400 556 1
400 557 1
1520 6044 1
1256 4092 1
53 1732 1
1265 1266 1
24 36 1
151 2714 1
1187 2567 1
54 1036 2
558 2649 1
18 1477 1
627 5477 1
1318 5107 1
21 416 1
57 4393 1
19 2098 1
36 5737 1
3491 4354 1
1206 3842 1
272 444 1
853 1396 1
136 347 5
148 2620 1
21 427 1
21 429 2
3255 3256 1
456 1578 1
17 57 8
211 274 1
277 709 1
561 1517 1
57 4544 1
21 434 1
78 2015 1
29 49 1
21 433 2
599 951 1
5430 5431 1
4103 4104 1
29 591 1
18 5092 1
17 65 3
347 2103 1
53 588 3
17 61 4
328 628 1
213 1322 1
237 3752 1
11 1310 1
1412 1752 1
113 250 1
17 34 1
211 258 1
700 5371 1
17 31 1
211 253 1
17 36 1
1059 2049 1
3264 5232 1
211 259 1
53 552 1
213 2643 1
162 3885 1
435 485 1
456 2874 1
487 4391 1
435 488 1
1486 1962 1
1634 1840 1
687 2333 1
25 3279 1
1341 3509 1
53 563 1
4162 4163 1
722 908 2
151 338 2
18 2876 1
201 873 1
522 3370 1
272 404 1
703 5012 1
400 735 1
268 703 1
80 2902 1
1529 1831 1
357 948 1
1000 1536 1
62 575 1
151 343 2
317 6178 1
17 18 3
53 1561 1
1176 1410 1
1712 1760 1
400 728 1
17 21 1
36 107 3
17 25 4
1303 2550 1
318 4695 1
78 5973 1
18 1529 1
700 1845 1
556 3609 1
151 315 1
151 317 1
57 3221 1
145 320 1
933 1790 1
343 619 1
435 436 1
1791 2131 1
1529 1805 1
21 5330 1
275 276 8
1712 1794 2
722 928 1
107 1971 1
2510 3417 1
580 581 2
151 320 1
36 110 1
3102 3718 1
119 2301 1
151 328 9
381 709 1
98 1448 1
272 416 1
21 499 1
381 704 1
599 4387 1
219 389 1
30 433 2
381 700 1
107 1961 1
107 1963 1
9 4632 1
3522 5048 1
110 3115 1
309 1177 12
2620 3333 1
309 1176 1
357 1297 1
133 2293 2
207 2763 1
36 136 1
2675 3554 1
617 3962 1
96 981 1
30 96 1
1698 2888 1
110 416 3
427 1297 1
24 1412 1
608 5538 1
383 5472 1
2952 3106 1
18 303 2
30 1176 3
2685 2686 1
30 87 1
1923 4284 1
110 407 2
14 3639 1
491 5129 1
185 1663 1
274 1486 2
399 1571 1
429 489 1
469 1426 1
325 858 1
123 3278 1
2152 2905 1
123 3276 1
96 1176 1
258 2501 1
120 2337 1
381 1664 1
197 552 4
245 641 7
24 1438 1
2892 3699 1
429 491 1
1712 1739 1
53 5111 1
384 1388 1
623 2592 1
36 164 2
30 80 1
21 1828 1
453 4188 1
110 469 2
812 4255 1
361 488 1
2624 2625 1
253 2603 1
372 3263 2
42 43 2
17 98 2
71 3192 1
1234 4562 1
17 97 1
133 2251 1
661 2247 1
126 5335 1
288 5908 1
1104 2819 2
53 530 1
130 2747 1
30 56 1
30 57 3
1232 5485 1
21 1813 1
1639 5298 1
218 975 1
211 250 1
97 343 1
97 344 1
219 320 16
1297 2399 2
506 693 5
185 1657 1
212 1958 1
417 2047 1
143 1395 1
934 3530 1
5245 5246 1
17 79 1
2548 5176 1
372 927 1
2506 2507 1
342 1085 1
110 437 1
2081 2082 1
322 4136 1
4059 4448 1
21 4079 1
404 2114 1
536 1712 1
211 220 1
364 5602 1
80 1672 1
1967 3683 1
53 528 1
25 4563 1
469 1459 1
204 765 1
4763 6076 1
110 386 1
3177 3178 1
417 2105 1
2308 2309 1
211 2301 1
14 3586 1
499 627 1
3099 5703 1
18 253 2
107 5591 1
534 1412 1
110 395 1
275 309 3
429 430 1
429 431 1
429 433 1
948 4260 1
21 1730 1
1674 1727 1
61 5248 1
718 1822 1
213 671 1
110 384 2
110 381 1
534 2753 1
219 3106 1
110 366 1
110 363 1
110 364 1
22 1012 2
2743 4449 1
400 1892 1
1195 1223 1
110 368 2
28 1937 1
8 532 1
417 2127 1
2441 4155 1
417 2126 1
106 1017 2
122 2538 1
65 367 1
836 1846 2
451 1592 1
277 1026 1
213 661 1
336 2535 1
18 231 1
813 1361 1
211 2326 1
18 232 1
2301 3407 1
18 237 1
185 866 1
213 669 1
22 2337 1
511 1061 1
36 3084 1
8 522 3
29 3897 1
219 5753 1
106 1022 1
151 1544 1
1854 5020 1
4498 5832 1
366 5956 1
23 5642 1
21 1788 1
331 905 1
1698 2839 1
456 5054 2
485 486 1
210 831 1
30 3817 1
955 3786 1
1436 1459 3
790 791 1
18 210 1
539 1363 2
18 219 3
727 2528 1
18 218 1
151 1568 1
21 1778 1
21 1777 1
106 774 1
8 545 1
2 891 1
121 703 1
145 1706 2
25 5950 1
18 228 3
1980 5129 1
107 5541 1
231 475 1
1041 2106 1
476 507 1
991 992 2
29 1265 1
2088 3549 1
2573 2574 1
14 4897 1
534 1472 1
439 4130 1
211 3619 1
133 546 2
107 119 1
61 1703 1
122 2568 1
30 3822 1
696 4286 4
122 1234 1
56 433 4
122 1235 1
1703 3264 1
107 110 5
218 3846 1
107 112 1
61 1708 1
18 204 1
342 3665 1
5205 5206 15
329 5605 1
471 4671 1
628 2441 1
444 456 5
640 2012 1
765 3559 1
367 1710 2
1201 2715 1
71 454 1
164 1531 1
491 564 1
9 4524 1
367 1713 1
4360 5639 1
151 387 1
464 2903 1
1388 2371 1
53 1649 1
1 3731 1
151 5046 1
151 5043 2
958 5933 1
4471 6159 1
38 536 1
384 6172 1
176 993 1
1371 4381 1
308 346 1
207 562 1
19 2150 1
755 3113 1
381 5234 1
936 1297 1
769 1501 1
8 2600 1
151 357 1
237 2381 1
285 1187 1
1263 2195 1
151 367 1
78 5904 1
309 3803 1
275 2046 1
210 5231 1
500 1303 1
1059 4651 1
1005 2709 1
334 718 1
5154 5155 1
309 3834 1
136 309 4
106 2328 1
1980 2926 1
308 315 1
431 2018 1
1933 3454 1
1070 1071 1
435 1330 1
56 1205 1
883 3542 1
61 1761 1
1373 4650 1
122 1297 1
159 475 1
2204 2205 1
155 5692 1
2533 2534 1
308 309 14
722 1373 3
3204 3495 1
2 3 1
475 6184 1
237 1012 1
499 608 1
366 2092 1
444 476 1
106 700 1
887 888 1
433 2359 1
1612 3254 1
65 320 1
122 133 2
1120 5354 1
71 433 1
18 272 1
122 136 1
135 992 1
100 4049 1
18 279 1
558 3862 1
750 4548 1
207 507 2
61 1789 1
363 984 1
507 5094 1
491 500 1
357 875 1
320 507 1
122 123 2
814 815 1
122 126 1
18 285 1
18 287 1
