93 254 4
614 488 3
93 258 8
354 361 7
354 363 11
223 333 3
611 594 6
354 370 6
624 195 6
97 149 5
93 277 20
623 231 21
224 313 3
97 155 13
360 197 6
483 484 4
355 356 3
483 485 4
611 615 6
354 391 7
233 49 8
85 544 3
232 89 3
93 302 3
99 121 4
354 411 10
85 564 3
96 225 6
484 485 4
93 322 11
232 116 3
346 680 3
346 681 3
230 186 5
85 586 3
85 587 3
215 654 3
213 717 3
85 590 3
89 472 3
89 473 3
364 161 13
229 252 3
224 409 4
85 631 25
100 168 4
615 594 8
99 209 4
354 496 3
354 497 3
93 396 3
354 504 3
232 198 3
487 488 3
89 544 4
89 549 4
226 402 13
226 403 14
103 124 8
354 537 3
230 288 5
616 617 4
217 706 4
217 707 4
217 708 4
360 374 5
359 405 4
360 376 5
90 570 3
361 363 7
232 272 3
364 284 11
100 285 7
96 409 3
361 391 7
618 619 4
227 456 4
618 626 3
618 627 4
490 499 3
618 628 3
370 124 4
490 500 3
365 284 11
96 431 4
107 90 30
372 71 3
227 475 4
227 477 4
227 478 5
227 479 5
227 480 5
227 482 3
109 45 3
109 47 13
109 52 6
624 471 7
619 626 3
619 627 4
619 628 3
103 246 8
93 563 7
93 564 3
93 565 5
363 391 7
364 365 12
492 493 3
364 366 11
93 577 3
109 85 4
105 211 6
108 125 7
108 126 7
93 592 3
623 554 15
235 294 16
623 555 15
623 556 14
109 107 12
623 557 15
109 110 3
365 366 11
621 622 3
109 115 4
109 118 4
624 544 6
237 254 3
109 127 3
109 140 4
109 141 4
109 147 6
109 148 3
96 553 5
231 464 5
96 558 6
96 559 3
231 481 5
109 174 3
231 490 3
96 580 3
109 180 5
111 123 4
231 499 3
231 500 3
110 161 3
496 497 3
98 550 3
110 180 3
374 197 5
624 643 6
104 387 4
109 236 3
115 53 3
369 371 8
109 240 3
231 554 15
369 373 8
231 555 15
231 556 14
231 557 15
115 70 3
626 627 3
115 85 7
626 628 3
240 308 3
231 594 8
115 96 3
231 615 8
499 500 3
627 628 3
371 373 8
109 308 3
370 411 5
240 345 3
114 157 4
115 127 3
115 140 3
115 141 3
381 104 6
109 345 3
380 138 17
115 173 4
629 630 3
240 404 3
381 138 19
114 226 4
502 503 6
374 376 5
109 404 3
115 224 3
502 516 6
109 424 4
120 84 3
247 248 8
503 512 5
503 516 6
116 226 5
120 104 3
632 633 11
105 595 6
106 575 3
119 175 6
116 272 3
503 566 19
503 567 18
377 378 3
504 537 5
377 379 3
114 341 4
111 436 3
115 317 5
249 259 48
115 318 5
114 353 9
650 124 3
120 173 15
115 336 4
634 635 5
378 379 3
518 139 15
115 348 4
249 290 48
122 135 3
236 698 3
646 281 20
646 282 16
519 139 15
121 209 4
521 104 3
380 381 18
636 637 4
508 509 3
508 510 3
115 409 3
116 402 5
116 403 5
125 126 7
509 510 3
253 269 4
520 194 3
638 639 4
119 357 4
120 338 14
394 41 3
511 512 3
112 594 3
511 514 5
511 515 5
122 289 3
127 140 3
127 141 3
118 424 3
254 311 4
124 246 8
0 1 4
640 641 4
0 2 4
512 514 3
0 3 4
512 515 3
0 4 4
0 5 3
114 591 8
129 130 3
1 3 4
1 4 4
1 5 3
650 370 3
125 268 3
2 1 4
2 3 4
514 515 5
2 4 4
2 5 3
642 652 3
125 296 3
134 39 12
3 5 3
645 584 3
394 186 3
394 194 5
4 3 4
259 290 48
4 5 3
132 133 3
646 584 23
388 392 8
388 393 8
133 120 3
132 158 3
264 168 3
645 646 3
645 649 3
645 651 3
134 110 3
121 517 34
117 642 4
528 196 3
117 652 4
6 7 6
518 519 15
6 8 6
128 322 8
521 428 5
132 201 3
387 495 3
270 36 3
133 197 5
647 648 3
7 8 6
133 201 6
133 212 3
392 393 8
138 76 38
119 666 3
264 269 3
128 396 3
127 437 7
127 438 7
127 439 8
128 408 3
138 104 20
663 213 5
524 428 5
9 10 4
649 651 4
521 524 5
521 525 5
269 168 3
9 37 21
664 213 9
525 428 5
399 238 3
132 325 3
266 267 3
522 523 3
132 326 3
9 50 18
10 26 4
10 37 4
270 170 3
133 325 9
11 12 4
133 326 3
11 15 3
11 16 4
136 239 3
10 50 4
134 309 12
135 289 3
11 38 3
140 141 5
524 525 6
133 360 5
12 23 9
12 25 3
11 59 4
12 28 3
133 374 5
10 93 6
133 376 5
12 32 9
275 75 3
268 296 3
12 41 5
13 14 38
12 45 9
12 47 4
12 52 4
10 116 3
12 57 3
12 59 44
12 61 5
138 253 6
10 128 3
12 67 3
133 412 3
12 68 13
12 70 4
12 71 3
12 73 3
12 74 3
12 76 3
142 143 3
142 144 3
138 269 5
142 145 3
9 175 4
12 83 23
12 84 4
13 54 3
12 86 3
12 87 3
12 89 4
12 90 3
270 284 3
12 91 3
12 93 15
12 94 17
12 96 6
541 82 12
12 100 3
12 104 5
11 139 3
655 656 3
143 144 3
143 145 3
12 111 12
133 459 3
14 54 3
12 117 3
389 718 4
12 118 3
15 25 11
270 312 3
275 159 5
12 123 4
15 32 4
15 34 7
12 128 3
542 82 13
12 129 5
12 130 3
15 45 18
528 529 4
144 145 3
12 142 3
528 530 4
12 143 3
12 144 3
12 145 3
15 54 3
12 150 3
128 653 3
138 344 20
15 66 4
543 82 13
10 223 5
16 38 3
10 227 3
10 229 4
264 548 3
10 232 3
17 18 10
16 49 7
529 530 4
273 274 7
657 658 5
12 187 3
10 251 4
12 190 8
10 252 3
137 423 7
18 19 7
402 403 13
18 20 46
18 21 13
9 300 4
18 22 6
15 115 3
18 23 4
10 272 3
148 90 10
18 25 8
18 26 9
18 27 4
18 28 8
18 29 7
18 32 5
12 225 4
15 133 4
18 41 3
18 42 4
270 425 3
19 20 8
659 660 3
15 146 3
19 24 7
15 151 3
19 28 13
12 245 4
18 60 3
15 153 3
15 154 7
15 159 3
15 160 5
18 69 3
12 255 3
15 163 3
15 164 3
12 257 3
410 207 6
15 165 3
410 208 6
15 166 4
20 12 3
18 76 3
16 138 5
12 262 5
270 458 3
15 172 3
15 173 4
18 81 5
15 174 3
532 533 3
20 22 21
18 84 16
20 23 3
18 85 3
10 333 3
20 25 30
20 26 25
20 27 13
20 28 3
12 277 4
20 30 11
20 31 5
20 32 14
20 33 4
20 34 15
20 35 3
20 36 3
20 38 4
20 39 4
15 194 4
20 40 4
15 196 18
20 42 5
15 197 4
20 43 8
15 199 3
18 108 7
20 47 3
270 489 3
20 48 12
20 51 3
18 113 3
20 53 3
19 84 14
146 243 4
661 662 4
276 309 7
20 55 4
544 195 6
15 211 4
661 665 4
18 119 7
15 212 5
15 215 3
18 125 7
19 95 4
18 126 7
6 499 3
15 221 3
6 500 3
20 69 3
20 72 4
20 74 7
18 136 4
20 75 9
18 137 7
269 548 3
20 76 4
20 78 3
148 206 60
20 82 5
15 238 4
271 494 3
20 84 8
20 85 3
278 279 4
406 407 5
278 280 5
22 25 14
18 149 17
15 242 4
662 665 7
20 88 4
22 27 8
20 90 4
20 91 3
149 188 48
22 32 5
15 249 48
18 157 6
22 34 9
22 38 6
20 102 3
13 320 3
15 259 51
18 167 5
15 260 3
18 168 3
23 15 4
285 85 4
16 233 11
22 48 17
278 304 5
18 175 5
21 84 13
20 116 7
535 536 3
663 664 5
23 25 5
20 119 6
22 62 3
22 63 3
20 125 3
18 188 15
150 193 7
16 253 5
138 568 3
19 162 3
18 195 4
138 571 15
14 320 3
15 290 48
23 45 7
22 76 4
23 46 3
16 264 3
279 304 3
149 239 3
15 299 4
16 269 4
22 85 6
280 279 4
18 213 6
138 589 14
20 152 3
548 168 3
20 156 4
278 350 5
284 170 3
22 101 4
23 70 3
20 167 3
138 605 14
20 168 4
20 171 4
280 304 4
22 112 3
15 329 4
22 114 7
20 177 11
20 179 3
21 149 13
25 26 10
281 282 16
12 429 3
23 89 3
19 213 4
23 91 3
25 32 21
279 350 3
24 64 3
25 34 25
25 35 3
25 36 4
22 131 8
25 38 3
20 195 3
23 104 4
22 136 3
25 44 6
25 45 9
24 77 4
664 717 4
25 47 21
25 48 13
20 210 4
150 277 3
23 120 3
19 244 4
538 539 5
24 92 4
26 32 5
280 350 4
21 188 13
19 250 3
26 34 13
25 67 6
20 226 14
15 385 3
23 138 3
20 234 4
25 85 7
25 87 4
19 273 7
24 119 7
19 274 7
25 89 3
667 668 11
27 32 4
25 100 3
27 43 13
21 231 7
291 54 3
20 265 3
20 268 5
23 176 3
20 273 7
20 274 7
22 216 3
22 217 3
28 32 3
150 347 4
25 133 4
151 323 4
27 74 7
27 75 9
292 54 3
28 47 5
18 357 3
28 48 5
20 296 3
20 297 3
23 205 3
149 395 3
22 239 3
26 116 3
25 148 14
20 303 4
284 312 3
147 465 4
25 152 13
28 59 3
413 414 23
541 542 12
669 670 12
413 415 20
541 543 12
669 671 12
411 477 6
413 416 19
413 417 19
413 418 19
28 68 3
16 444 5
682 278 4
682 280 3
18 386 3
25 173 3
20 328 4
28 83 3
544 471 6
25 178 3
28 85 6
419 253 3
28 89 4
19 368 4
25 186 3
286 287 58
28 93 5
414 415 20
542 543 13
670 671 12
414 416 19
414 417 19
25 189 5
414 418 19
283 384 5
25 191 3
682 304 5
683 278 6
683 279 4
31 12 6
25 198 3
28 105 3
683 280 5
28 106 3
31 16 3
25 202 7
25 203 3
284 366 11
25 204 3
18 422 3
25 206 12
18 423 7
28 114 4
31 22 4
31 23 3
31 25 10
25 212 3
277 592 5
25 213 3
277 593 4
31 32 4
415 416 19
415 417 19
27 158 3
415 418 19
683 304 5
31 41 5
31 43 4
31 44 3
24 261 6
31 45 4
31 46 3
25 234 4
22 327 4
31 49 3
25 235 17
29 113 3
682 350 5
31 54 5
25 241 3
31 56 3
31 58 3
22 339 3
20 402 12
20 403 13
416 417 19
672 673 5
416 418 19
31 66 3
28 159 3
292 168 3
544 549 5
284 425 3
26 232 3
32 50 3
20 422 3
683 350 5
31 85 8
154 369 8
154 371 8
31 89 5
154 373 8
32 59 6
27 217 3
29 157 4
286 383 6
417 418 19
545 546 21
545 547 20
148 569 3
31 101 4
545 552 7
31 103 8
31 105 4
32 76 3
25 294 16
25 295 3
284 458 3
32 83 4
25 301 4
32 85 4
26 272 3
153 432 4
32 89 4
34 28 3
32 90 15
31 124 8
32 93 4
30 156 4
34 32 5
293 195 6
546 547 20
674 675 3
25 315 5
25 316 5
32 100 3
546 552 7
33 75 4
284 489 3
155 392 3
153 455 4
22 421 23
32 116 7
168 0 4
168 1 4
430 72 9
168 2 4
168 3 4
32 124 5
168 4 4
168 5 3
35 36 3
291 292 3
158 319 3
544 643 6
292 264 3
284 513 3
547 552 7
34 74 4
292 269 3
32 138 10
411 684 3
32 147 4
32 148 25
32 149 4
411 689 4
33 125 3
426 231 5
32 158 3
32 160 3
32 161 9
676 677 4
676 678 4
676 679 4
34 102 4
27 319 3
35 72 4
158 355 3
158 356 3
32 174 3
36 54 4
420 441 4
28 306 3
420 442 3
161 284 11
28 313 4
32 191 9
24 440 4
158 382 3
677 678 4
677 679 4
285 544 5
36 72 3
28 321 5
32 198 4
27 355 3
27 356 4
25 420 4
681 564 5
37 50 18
32 206 24
31 246 8
34 154 3
28 341 4
158 408 3
28 344 9
547 640 4
28 346 4
547 641 4
28 347 3
32 224 3
25 441 4
25 442 3
678 679 4
32 227 6
28 353 3
32 231 3
288 488 3
285 585 3
285 586 14
28 362 6
32 238 3
285 587 16
34 189 3
28 389 3
32 266 3
28 390 3
161 365 12
161 366 12
33 242 3
32 284 9
28 413 23
28 414 24
28 415 20
28 416 19
28 417 19
28 418 19
33 268 4
162 368 4
32 313 3
42 6 3
36 195 6
32 319 3
169 170 3
166 264 3
553 558 5
553 559 3
33 296 3
33 298 5
28 454 3
34 271 5
41 54 7
41 59 4
34 285 3
554 555 15
425 458 3
682 683 4
32 354 4
554 556 14
32 355 3
554 557 15
32 356 3
166 299 5
35 270 3
32 364 9
33 334 3
32 365 9
32 366 9
426 446 4
43 32 4
34 315 5
34 316 5
32 380 8
32 381 8
42 71 6
425 489 3
305 114 4
555 556 14
426 464 5
34 332 4
32 395 3
33 367 3
306 96 17
32 399 11
32 400 3
44 32 7
169 256 3
426 481 5
32 411 5
170 231 8
36 291 3
43 74 7
36 292 3
43 75 7
292 548 3
36 293 6
34 359 5
431 342 6
431 343 5
44 56 3
45 28 3
45 32 6
45 34 3
33 406 5
33 407 5
43 104 5
557 555 15
557 556 14
685 686 4
45 47 3
428 467 4
163 492 3
163 493 3
298 406 5
44 89 6
298 407 5
566 294 6
32 465 4
34 405 4
32 470 7
41 194 4
178 47 3
45 75 6
45 86 6
45 87 3
170 312 3
47 32 3
43 158 3
45 104 3
45 106 3
559 558 3
687 688 9
45 115 3
44 148 6
44 150 6
47 59 3
39 309 12
45 124 11
306 225 4
34 474 3
45 138 3
166 483 4
42 231 3
166 484 4
166 485 4
560 561 3
39 331 3
47 86 13
45 151 5
45 159 3
44 193 4
432 455 4
47 104 5
47 107 13
45 173 4
433 434 5
44 206 6
48 85 8
568 353 3
304 350 6
314 42 5
47 138 4
170 425 3
445 93 3
690 691 3
45 214 4
47 152 13
45 215 3
48 122 5
447 41 3
314 71 5
45 224 3
48 131 6
47 165 3
45 228 3
175 300 4
45 237 3
170 458 3
45 243 4
448 41 3
43 319 3
51 78 4
431 588 6
43 330 3
170 489 3
692 693 19
692 694 14
692 695 14
43 335 5
435 471 3
45 276 8
43 341 3
566 512 5
173 411 13
52 67 4
175 357 3
43 355 3
43 356 3
181 182 8
437 438 7
693 694 14
181 183 8
52 86 3
437 439 7
693 695 14
181 184 8
181 185 8
42 398 4
38 522 3
38 523 3
308 345 3
52 90 4
435 505 3
45 309 7
567 512 5
38 534 3
306 431 4
182 183 8
438 439 7
694 695 17
566 567 18
52 118 30
182 184 8
182 185 8
451 41 3
314 194 4
53 96 3
45 352 3
308 404 3
183 184 8
183 185 8
452 41 3
170 594 8
173 504 3
314 231 8
173 507 3
55 72 4
565 653 3
170 611 6
170 615 8
51 210 4
42 490 3
184 185 8
696 697 5
453 41 3
47 340 3
55 96 4
42 499 3
42 500 3
173 537 3
47 351 4
48 321 7
55 111 14
578 285 3
441 442 3
43 498 3
449 207 6
449 208 6
52 230 4
48 354 4
47 387 4
47 388 6
48 361 4
47 392 6
47 393 6
48 363 4
306 558 4
306 562 3
47 408 3
53 224 3
48 382 3
306 580 3
52 263 3
51 295 5
48 391 4
324 32 4
54 212 3
58 89 4
699 700 3
315 316 5
699 703 3
192 45 3
312 425 3
571 589 14
53 265 3
47 454 3
55 210 4
52 307 3
572 573 4
186 253 3
175 606 6
312 458 3
314 398 4
192 93 4
191 127 7
317 318 5
701 702 4
59 128 8
186 288 5
314 426 10
312 489 3
314 428 4
58 173 4
62 63 3
574 576 7
62 65 3
314 446 4
54 320 3
324 149 3
584 281 18
584 282 16
314 464 5
314 467 4
55 306 4
445 508 3
445 509 3
447 448 3
445 510 3
447 451 3
447 452 3
447 453 3
314 481 5
57 266 3
57 267 3
52 424 4
449 410 6
62 122 3
704 705 3
324 198 3
448 451 3
448 452 3
53 409 3
319 355 3
448 453 3
319 356 7
62 135 3
64 77 3
186 397 3
186 401 3
64 92 3
65 63 3
449 450 3
51 501 3
313 574 8
313 576 11
186 419 4
313 579 7
313 581 3
312 625 5
59 277 17
192 254 12
706 707 7
706 708 7
64 138 6
55 427 7
55 431 4
66 93 17
55 435 4
451 452 3
707 708 7
451 453 3
61 257 3
66 105 8
194 237 3
200 59 3
68 55 14
192 311 3
68 59 3
58 370 3
58 375 7
55 471 3
452 453 3
68 83 6
198 149 3
67 118 3
61 310 10
67 124 4
68 94 4
68 96 3
61 314 3
325 326 3
709 710 4
55 505 3
62 289 3
64 232 8
68 111 43
57 457 3
68 118 3
324 377 3
324 378 3
324 379 3
582 583 3
64 261 3
324 395 3
197 236 3
70 89 3
70 91 3
191 437 7
191 438 7
191 439 7
191 443 3
711 712 7
70 104 3
66 244 4
335 104 4
68 190 3
70 138 6
466 155 4
586 544 5
713 714 4
67 263 3
325 459 3
59 527 3
587 544 5
74 75 7
586 587 14
195 422 3
337 120 14
206 90 11
716 667 11
716 668 13
197 376 5
458 489 3
715 716 3
68 306 4
195 471 6
59 592 5
59 593 4
330 387 3
337 173 14
460 461 5
198 395 3
72 210 4
340 104 4
73 194 4
338 173 15
332 359 4
201 325 6
201 326 3
79 25 4
77 92 4
462 463 3
332 405 4
78 88 4
80 32 3
462 491 3
79 80 9
207 208 6
719 720 4
334 367 3
194 612 3
330 495 3
79 93 6
725 547 4
68 436 3
466 392 4
463 491 3
476 89 3
336 348 4
80 93 43
198 531 3
79 128 4
464 481 5
593 592 4
195 643 6
337 338 14
721 722 3
201 459 3
71 398 4
75 276 6
80 128 11
197 607 3
75 295 3
78 210 4
81 119 3
83 59 6
75 309 6
725 640 4
725 641 4
79 193 3
70 472 3
70 473 3
77 261 3
723 724 3
75 334 3
214 124 5
83 94 4
83 96 6
607 236 4
349 48 6
83 111 6
81 175 17
212 210 3
468 469 3
596 597 5
75 367 3
596 604 6
203 503 16
76 344 20
596 613 3
203 512 5
210 295 4
78 295 4
80 243 17
597 604 5
73 466 4
341 353 3
80 258 8
85 116 3
342 343 5
84 149 49
598 599 17
598 600 4
598 601 3
347 193 4
203 566 16
203 567 16
85 131 3
74 478 6
72 540 3
74 479 6
74 480 6
80 302 3
599 600 4
599 601 3
611 231 6
84 188 48
351 104 5
80 322 5
204 582 3
204 583 3
600 601 3
472 473 3
471 505 3
89 85 5
79 396 3
82 303 4
354 64 8
75 526 8
84 250 3
89 100 3
206 569 3
86 194 3
81 357 3
75 545 21
75 546 21
75 547 20
80 396 3
75 551 3
75 552 7
84 273 7
341 498 3
84 274 7
218 219 9
602 603 7
346 347 3
218 220 8
218 222 8
85 254 5
346 362 4
345 404 3
214 370 3
490 6 3
89 150 8
219 220 9
475 477 4
219 222 9
76 571 15
614 288 3
93 59 17
224 96 3
76 589 14
220 222 9
89 193 4
354 173 4
471 643 6
85 327 3
358 59 3
93 85 5
94 59 9
219 283 8
85 344 4
94 90 3
486 228 8
478 479 6
478 480 6
93 128 33
354 232 8
227 74 5
91 194 3
85 382 3
94 111 4
227 87 3
93 150 12
96 59 3
211 595 6
479 480 6
214 506 3
620 215 3
86 388 7
86 392 7
86 393 7
227 124 6
96 91 3
231 6 15
231 7 6
608 609 7
231 8 6
608 610 7
351 387 4
219 384 5
228 105 3
227 148 3
97 90 30
83 527 3
100 0 4
100 1 4
100 2 4
100 3 4
100 4 4
97 98 3
100 5 3
609 610 6
93 225 3
608 644 3
97 106 4
227 172 4
92 261 3
99 45 3
97 107 29
81 606 6
93 243 8
93 244 4
