2 3 4
10 11 2
66 67 1
74 75 4
58 59 1
42 46 2
66 70 1
26 31 1
66 71 1
26 32 1
10 18 2
35 12 2
26 35 3
26 36 6
35 13 2
26 37 3
26 38 3
2 15 4
26 39 6
1 48 1
2 19 4
76 29 12
2 22 4
33 85 4
2 25 4
35 29 12
25 84 1
26 55 2
26 56 2
35 36 3
43 44 2
35 37 3
35 38 3
19 22 4
67 70 1
27 30 3
43 47 2
67 71 1
35 39 3
35 40 1
19 25 4
11 18 2
26 65 2
3 15 4
35 48 1
35 50 2
3 19 4
35 51 2
3 22 4
3 25 4
28 21 3
28 26 2
26 90 2
4 5 1
12 13 2
28 29 12
36 37 3
60 61 2
68 69 3
76 77 1
92 93 2
36 38 3
44 47 2
20 23 1
28 33 2
28 34 2
28 35 21
35 76 12
4 16 1
4 20 1
4 23 1
53 54 1
37 38 3
21 24 1
53 57 1
45 49 8
53 58 1
53 59 1
28 66 1
28 67 1
28 70 1
5 16 1
28 71 1
28 73 22
5 20 1
28 76 12
5 23 1
28 83 13
28 90 2
6 7 1
62 63 2
78 79 3
86 87 4
70 71 1
28 94 1
54 57 1
22 25 4
54 58 1
78 82 3
54 59 1
72 29 12
72 35 21
39 36 6
39 37 3
39 38 3
39 40 8
31 32 1
55 56 3
79 82 3
15 19 4
39 45 8
15 22 4
23 31 1
23 32 1
39 49 8
15 25 4
39 52 1
73 35 9
0 1 4
8 9 1
64 65 4
72 73 22
80 81 2
88 89 2
16 20 1
72 76 12
40 45 8
16 23 1
91 2 4
91 3 4
8 17 1
40 49 8
72 83 13
8 21 1
0 14 4
8 24 1
8 27 3
91 15 4
8 30 3
65 55 3
65 56 3
91 19 4
91 22 4
91 25 4
33 34 2
41 42 2
57 58 1
57 59 1
17 21 1
41 46 2
17 24 1
9 17 1
73 83 13
9 21 1
1 14 4
9 24 1
51 12 2
51 13 2
26 23 1
35 1 1
